N_iters walltime_cg f_trunc_cg walltime_approx_cg f_trunc_approx_cg walltime_trm f_trunc_trm walltime_approx_trm f_trunc_approx_trm
0 0.0 1.8520595138634006e-06 0.0 1.8520595138634006e-06 0.0 1.8520595138634006e-06 0.0 1.8520595138634006e-06
5 0.3157829130803431 1.8096436790103376e-06 0.06368426057127687 1.8068818555056238e-06 1.4122610670941453 1.8319891072348867e-06 0.17223076744155807 1.6586294460701347e-06
10 0.6315658261606862 1.78017665490784e-06 0.12736852114255373 1.735097145339889e-06 2.8245221341882907 1.8036571073522612e-06 0.34446153488311615 1.5584131022832051e-06
15 0.9473487392410295 1.7732805361975998e-06 0.1910527817138306 1.6619235532152284e-06 4.236783201282436 1.7018907242093884e-06 0.5166923023246742 1.4637525266916403e-06
20 1.2631316523213725 1.7664196849138414e-06 0.25473704228510746 1.62482678545793e-06 5.649044268376581 1.6193944203509262e-06 0.6889230697662323 1.4036117828421843e-06
25 1.5789145654017158 1.7608605832701178e-06 0.31842130285638437 1.578661447905601e-06 7.061305335470728 1.539023303247544e-06 0.8611538372077904 1.3342668876062943e-06
30 1.894697478482059 1.7533208548720059e-06 0.3821055634276612 1.5599835559182765e-06 8.473566402564872 1.4738353366177725e-06 1.0333846046493484 1.292863635460921e-06
35 2.210480391562402 1.7485371938088345e-06 0.4457898239989381 1.5533778216134835e-06 9.885827469659018 1.4460719519936836e-06 1.2056153720909064 1.2852783566017196e-06
40 2.526263304642745 1.7419947529360724e-06 0.5094740845702149 1.546644127250947e-06 11.298088536753163 1.421167154928985e-06 1.3778461395324646 1.278277418378295e-06
45 2.8420462177230883 1.736295840229868e-06 0.5731583451414919 1.5358858673492576e-06 12.710349603847309 1.3806046322610323e-06 1.5500769069740226 1.2705990956723853e-06
50 3.1578291308034316 1.7290461254461674e-06 0.6368426057127687 1.5285718625198799e-06 14.122610670941455 1.3602963413768533e-06 1.7223076744155807 1.2634942493323106e-06
55 3.4736120438837745 1.723119555800336e-06 0.7005268662840456 1.5214894327146865e-06 15.5348717380356 1.3370680089582014e-06 1.8945384418571387 1.2549495593960721e-06
60 3.789394956964118 1.7121956269270326e-06 0.7642111268553224 1.5145758208668425e-06 16.947132805129744 1.324301114903129e-06 2.066769209298697 1.2447892465821756e-06
65 4.105177870044461 1.703688934625846e-06 0.8278953874265993 1.511516183076937e-06 18.35939387222389 1.3170348991543702e-06 2.238999976740255 1.2435287834856903e-06
70 4.420960783124804 1.690312207089463e-06 0.8915796479978761 1.485292259714459e-06 19.771654939318037 1.3103093639456477e-06 2.411230744181813 1.2432994584231221e-06
75 4.7367436962051475 1.681549411584137e-06 0.9552639085691531 1.4806885182200712e-06 21.183916006412183 1.3029733300568131e-06 2.583461511623371 1.2413270818425233e-06
80 5.05252660928549 1.6767712763381588e-06 1.0189481691404298 1.4806885182200712e-06 22.596177073506325 1.2894389633932356e-06 2.755692279064929 1.239685971305189e-06
85 5.368309522365833 1.6718435615068969e-06 1.0826324297117067 1.4806885182200712e-06 24.00843814060047 1.2856398726312045e-06 2.927923046506487 1.2387898004776984e-06
90 5.684092435446177 1.6676245200784597e-06 1.1463166902829838 1.4806885182200712e-06 25.420699207694618 1.2827537742605828e-06 3.100153813948045 1.2382723670348907e-06
95 5.99987534852652 1.6632653991065743e-06 1.2100009508542606 1.4806885182200712e-06 26.832960274788764 1.2767186872463757e-06 3.2723845813896033 1.2373227035900708e-06
100 6.315658261606863 1.6585548088330165e-06 1.2736852114255375 1.4806885182200712e-06 28.24522134188291 1.2657277575109654e-06 3.4446153488311615 1.2364436106901971e-06
105 6.631441174687206 1.6546035540276889e-06 1.3373694719968143 1.4806885182200712e-06 29.657482408977053 1.2537043558729634e-06 3.6168461162727192 1.2350218190020232e-06
110 6.947224087767549 1.6504928589559172e-06 1.4010537325680912 1.4806885182200712e-06 31.0697434760712 1.2513308957545742e-06 3.7890768837142774 1.2319194674883486e-06
115 7.263007000847892 1.6468464382613363e-06 1.464737993139368 1.4806885182200712e-06 32.482004543165345 1.2419225270078808e-06 3.9613076511558356 1.2285982203708095e-06
120 7.578789913928236 1.6430997119652935e-06 1.5284222537106449 1.4806885182200712e-06 33.89426561025949 1.2295678066845332e-06 4.133538418597394 1.227898400955802e-06
125 7.894572827008579 1.6397800008299856e-06 1.5921065142819217 1.4806885182200712e-06 35.30652667735364 1.2166269871729403e-06 4.305769186038952 1.226043495253738e-06
130 8.210355740088922 1.6363560458794337e-06 1.6557907748531986 1.4806885182200712e-06 36.71878774444778 1.2142442914043066e-06 4.47799995348051 1.2252688288446997e-06
135 8.526138653169266 1.6334401347512716e-06 1.7194750354244754 1.4806885182200712e-06 38.13104881154193 1.2134090457601574e-06 4.6502307209220675 1.2246560482283528e-06
140 8.841921566249608 1.621985790513865e-06 1.7831592959957523 1.4806885182200712e-06 39.54330987863607 1.2121259639164546e-06 4.822461488363626 1.2233322726667091e-06
145 9.15770447932995 1.6189410950539843e-06 1.8468435565670291 1.4806885182200712e-06 40.955570945730216 1.207747857448732e-06 4.994692255805184 1.2226665741544828e-06
150 9.473487392410295 1.6096578326283449e-06 1.9105278171383062 1.4806885182200712e-06 42.367832012824366 1.2028384225220897e-06 5.166923023246742 1.2216067589554572e-06
155 9.789270305490637 1.6071279644703308e-06 1.974212077709583 1.4806885182200712e-06 43.78009307991851 1.2003516645607176e-06 5.3391537906883 1.218557970576083e-06
160 10.10505321857098 1.6047930803195402e-06 2.0378963382808597 1.4806885182200712e-06 45.19235414701265 1.2000876385382075e-06 5.511384558129858 1.2180894556422272e-06
165 10.420836131651324 1.5970807867349166e-06 2.1015805988521365 1.4806885182200712e-06 46.6046152141068 1.1874853768038344e-06 5.683615325571417 1.216687974347137e-06
170 10.736619044731667 1.59030652118618e-06 2.1652648594234134 1.4806885182200712e-06 48.01687628120094 1.1856319460187313e-06 5.855846093012974 1.2161080096499945e-06
175 11.05240195781201 1.5841417180110414e-06 2.2289491199946907 1.4806885182200712e-06 49.42913734829509 1.1848188755398487e-06 6.028076860454532 1.2156814088286277e-06
180 11.368184870892353 1.5777762241462293e-06 2.2926333805659675 1.4806885182200712e-06 50.841398415389236 1.184682291279714e-06 6.20030762789609 1.2145747922611555e-06
185 11.683967783972696 1.5725536192337965e-06 2.3563176411372444 1.4806885182200712e-06 52.25365948248338 1.184322955625903e-06 6.372538395337648 1.2139485993459259e-06
190 11.99975069705304 1.5671038583559864e-06 2.4200019017085213 1.4806885182200712e-06 53.66592054957753 1.1835493077773156e-06 6.544769162779207 1.2136783829024739e-06
195 12.315533610133382 1.562410146253212e-06 2.483686162279798 1.4806885182200712e-06 55.07818161667167 1.1834399919465302e-06 6.716999930220765 1.2131889463710928e-06
200 12.631316523213727 1.5601760474614732e-06 2.547370422851075 1.4806885182200712e-06 56.49044268376582 1.1824002156081217e-06 6.889230697662323 1.212418306686582e-06
205 12.947099436294069 1.5561169014141252e-06 2.611054683422352 1.4806885182200712e-06 57.90270375085996 1.1793336929234697e-06 7.061461465103881 1.2113877596175566e-06
210 13.262882349374411 1.5518457194302193e-06 2.6747389439936287 1.4806885182200712e-06 59.314964817954106 1.1789327770337795e-06 7.2336922325454385 1.2088376953148038e-06
215 13.578665262454756 1.5500852283945685e-06 2.7384232045649055 1.4806885182200712e-06 60.727225885048256 1.176383293673314e-06 7.405922999986997 1.2086015020371927e-06
220 13.894448175535098 1.5465263878846275e-06 2.8021074651361824 1.4806885182200712e-06 62.1394869521424 1.1749037113145395e-06 7.578153767428555 1.2083904886145486e-06
225 14.210231088615442 1.5451445848148107e-06 2.865791725707459 1.4806885182200712e-06 63.55174801923655 1.174433570861108e-06 7.750384534870113 1.2080083349552449e-06
230 14.526014001695785 1.543431214209391e-06 2.929475986278736 1.4806885182200712e-06 64.96400908633069 1.1741936133276793e-06 7.922615302311671 1.2073907072964015e-06
235 14.841796914776127 1.5403540698014122e-06 2.993160246850013 1.4806885182200712e-06 66.37627015342484 1.1741104814368421e-06 8.09484606975323 1.2065479110722558e-06
240 15.157579827856472 1.5386742357725478e-06 3.0568445074212898 1.4806885182200712e-06 67.78853122051898 1.1739307078032102e-06 8.267076837194788 1.2039569441932263e-06
245 15.473362740936814 1.5374892396948352e-06 3.1205287679925666 1.4806885182200712e-06 69.20079228761313 1.1737661941385944e-06 8.439307604636346 1.2037424247336071e-06
250 15.789145654017158 1.5359755941972678e-06 3.1842130285638435 1.4806885182200712e-06 70.61305335470728 1.1722562551241253e-06 8.611538372077904 1.2035178086803625e-06
255 16.1049285670975 1.5332590838474979e-06 3.2478972891351203 1.4806885182200712e-06 72.02531442180141 1.1719321925515405e-06 8.783769139519462 1.2029801557939382e-06
260 16.420711480177843 1.5317542875512414e-06 3.311581549706397 1.4806885182200712e-06 73.43757548889556 1.171850213197093e-06 8.95599990696102 1.2021459700517668e-06
265 16.736494393258187 1.5306206571781044e-06 3.375265810277674 1.4806885182200712e-06 74.84983655598971 1.1717555287911622e-06 9.128230674402577 1.2015831550934068e-06
270 17.05227730633853 1.529199366713218e-06 3.438950070848951 1.4806885182200712e-06 76.26209762308386 1.1716134047837982e-06 9.300461441844135 1.2009028090636638e-06
275 17.368060219418872 1.528131784695878e-06 3.5026343314202277 1.4806885182200712e-06 77.674358690178 1.1714936715389378e-06 9.472692209285693 1.199496541255174e-06
280 17.683843132499216 1.5267799374865424e-06 3.5663185919915046 1.4806885182200712e-06 79.08661975727215 1.171219785943929e-06 9.644922976727251 1.1969856687225583e-06
285 17.99962604557956 1.5257360283507575e-06 3.6300028525627814 1.4806885182200712e-06 80.4988808243663 1.1707624644032612e-06 9.81715374416881 1.1961880986547902e-06
290 18.3154089586599 1.524436964705933e-06 3.6936871131340583 1.4806885182200712e-06 81.91114189146043 1.1701392656948362e-06 9.989384511610368 1.1883912008045235e-06
295 18.631191871740246 1.5234407207043939e-06 3.7573713737053356 1.4806885182200712e-06 83.32340295855458 1.1682553584952713e-06 10.161615279051926 1.1873166347547316e-06
300 18.94697478482059 1.522189198026023e-06 3.8210556342766124 1.4806885182200712e-06 84.73566402564873 1.168131188515284e-06 10.333846046493484 1.1871040381878984e-06
305 19.26275769790093 1.5212076325621615e-06 3.8847398948478893 1.4806885182200712e-06 86.14792509274287 1.1677894873272596e-06 10.506076813935042 1.1863740410791105e-06
310 19.578540610981275 1.5200066253844454e-06 3.948424155419166 1.4806885182200712e-06 87.56018615983702 1.1672702024380324e-06 10.6783075813766 1.1849925670211986e-06
315 19.89432352406162 1.519073346051872e-06 4.0121084159904425 1.4806885182200712e-06 88.97244722693117 1.1671168339763423e-06 10.850538348818159 1.1840555033494948e-06
320 20.21010643714196 1.517920801422917e-06 4.075792676561719 1.4806885182200712e-06 90.3847082940253 1.1662115068563168e-06 11.022769116259717 1.183541458675629e-06
325 20.525889350222304 1.517022889645703e-06 4.139476937132996 1.4806885182200712e-06 91.79696936111945 1.1661082499246245e-06 11.194999883701275 1.1832721190619926e-06
330 20.841672263302648 1.515920633950176e-06 4.203161197704273 1.4806885182200712e-06 93.2092304282136 1.1640107189933008e-06 11.367230651142833 1.182726099775512e-06
335 21.157455176382992 1.5147883093245726e-06 4.26684545827555 1.4806885182200712e-06 94.62149149530775 1.1637116922173925e-06 11.539461418584391 1.1805419672993023e-06
340 21.473238089463333 1.5137057360733635e-06 4.330529718846827 1.4806885182200712e-06 96.03375256240189 1.1600646121234443e-06 11.711692186025948 1.1797555739766673e-06
345 21.789021002543677 1.5128593129629013e-06 4.394213979418104 1.4806885182200712e-06 97.44601362949604 1.1599204619908696e-06 11.883922953467506 1.1795543232127187e-06
350 22.10480391562402 1.5118410186150774e-06 4.457898239989381 1.4806885182200712e-06 98.85827469659019 1.1597553583376002e-06 12.056153720909064 1.1794030465863248e-06
355 22.420586828704362 1.5107717404359884e-06 4.521582500560658 1.4806885182200712e-06 100.27053576368432 1.1596871181085498e-06 12.228384488350622 1.1792636021033475e-06
360 22.736369741784706 1.509773149771018e-06 4.585266761131935 1.4806885182200712e-06 101.68279683077847 1.1596390912727877e-06 12.40061525579218 1.1789439290101657e-06
365 23.05215265486505 1.5090502880038965e-06 4.648951021703212 1.4806885182200712e-06 103.09505789787262 1.1594560261759993e-06 12.572846023233739 1.1784594619637465e-06
370 23.36793556794539 1.5077785497267913e-06 4.712635282274489 1.4806885182200712e-06 104.50731896496676 1.1589575156757531e-06 12.745076790675297 1.1779401851662355e-06
375 23.683718481025736 1.5070116063517794e-06 4.776319542845766 1.4806885182200712e-06 105.9195800320609 1.1582275713025364e-06 12.917307558116855 1.1776955571542426e-06
380 23.99950139410608 1.5058747929683453e-06 4.8400038034170425 1.4806885182200712e-06 107.33184109915506 1.1567766250545643e-06 13.089538325558413 1.1775695940396407e-06
385 24.315284307186424 1.5050985949156777e-06 4.903688063988319 1.4806885182200712e-06 108.7441021662492 1.1567115525654007e-06 13.261769092999971 1.1772103725440275e-06
390 24.631067220266765 1.5040152300402213e-06 4.967372324559596 1.4806885182200712e-06 110.15636323334334 1.1537473764036957e-06 13.43399986044153 1.176898707780522e-06
395 24.94685013334711 1.5032580232452895e-06 5.031056585130873 1.4806885182200712e-06 111.56862430043749 1.1534519755393192e-06 13.606230627883088 1.176519159921743e-06
400 25.262633046427453 1.5022209440016315e-06 5.09474084570215 1.4806885182200712e-06 112.98088536753164 1.153092105707081e-06 13.778461395324646 1.1757235111998528e-06
405 25.578415959507794 1.5014894504376617e-06 5.158425106273427 1.4806885182200712e-06 114.39314643462578 1.1527821984670874e-06 13.950692162766204 1.1754596717221826e-06
410 25.894198872588138 1.5004605630544376e-06 5.222109366844704 1.4806885182200712e-06 115.80540750171993 1.152657808048537e-06 14.122922930207762 1.1741847787529176e-06
415 26.209981785668482 1.4998300979697003e-06 5.2857936274159805 1.4806885182200712e-06 117.21766856881408 1.1524767621426005e-06 14.295153697649319 1.1732351142170481e-06
420 26.525764698748823 1.4987739705901482e-06 5.349477887987257 1.4806885182200712e-06 118.62992963590821 1.1521186800671942e-06 14.467384465090877 1.172666761391711e-06
425 26.841547611829167 1.497922031024029e-06 5.413162148558534 1.4806885182200712e-06 120.04219070300236 1.151687613400623e-06 14.639615232532435 1.1714990097880621e-06
430 27.15733052490951 1.4970112283903724e-06 5.476846409129811 1.4806885182200712e-06 121.45445177009651 1.1515150589124562e-06 14.811845999973993 1.171372058958434e-06
435 27.473113437989852 1.4963082860577174e-06 5.540530669701088 1.4806885182200712e-06 122.86671283719065 1.1509890806290203e-06 14.984076767415552 1.1704234507934426e-06
440 27.788896351070196 1.495369410755435e-06 5.604214930272365 1.4806885182200712e-06 124.2789739042848 1.1498594293396453e-06 15.15630753485711 1.1691716491285662e-06
445 28.10467926415054 1.4945666588246001e-06 5.667899190843642 1.4806885182200712e-06 125.69123497137895 1.1479705047670688e-06 15.328538302298668 1.1683369893837668e-06
450 28.420462177230885 1.493841241184641e-06 5.731583451414918 1.4806885182200712e-06 127.1034960384731 1.1471687220130452e-06 15.500769069740226 1.16822023773479e-06
455 28.736245090311225 1.4930621209382846e-06 5.795267711986195 1.4806885182200712e-06 128.51575710556725 1.1462173219462923e-06 15.672999837181784 1.1681289469187655e-06
460 29.05202800339157 1.4921733846197847e-06 5.858951972557472 1.4806885182200712e-06 129.92801817266138 1.1459130207056546e-06 15.845230604623342 1.1679762793414306e-06
465 29.367810916471914 1.4914156282215603e-06 5.922636233128749 1.4806885182200712e-06 131.34027923975552 1.1455057376122151e-06 16.0174613720649 1.1675421521239007e-06
470 29.683593829552255 1.490578818258377e-06 5.986320493700026 1.4806885182200712e-06 132.75254030684968 1.145403044224038e-06 16.18969213950646 1.1668488030551976e-06
475 29.9993767426326 1.4898393531947528e-06 6.050004754271303 1.4806885182200712e-06 134.16480137394382 1.1453170489013941e-06 16.361922906948017 1.1655879637137512e-06
480 30.315159655712943 1.4890409126987867e-06 6.1136890148425795 1.4806885182200712e-06 135.57706244103795 1.1452507391549206e-06 16.534153674389575 1.1652426790935112e-06
485 30.630942568793284 1.4883094003446609e-06 6.177373275413856 1.4806885182200712e-06 136.98932350813212 1.1451109352585308e-06 16.706384441831133 1.1647908038841656e-06
490 30.946725481873628 1.4875350399754415e-06 6.241057535985133 1.4806885182200712e-06 138.40158457522625 1.1449102618344934e-06 16.87861520927269 1.1642316504598144e-06
495 31.262508394953972 1.486984866042114e-06 6.30474179655641 1.4806885182200712e-06 139.8138456423204 1.14412624235685e-06 17.05084597671425 1.1640199364111884e-06
500 31.578291308034316 1.4860784115790071e-06 6.368426057127687 1.4806885182200712e-06 141.22610670941455 1.1428187874283583e-06 17.223076744155808 1.1633846024323406e-06
505 31.894074221114657 1.4853853080218093e-06 6.432110317698964 1.4806885182200712e-06 142.6383677765087 1.142436732236833e-06 17.395307511597366 1.1625112742712309e-06
510 32.209857134195 1.4846471784531884e-06 6.495794578270241 1.4806885182200712e-06 144.05062884360282 1.1422911859866385e-06 17.567538279038924 1.1623237546044629e-06
515 32.525640047275346 1.483984478264629e-06 6.5594788388415175 1.4806885182200712e-06 145.462889910697 1.1420102383881377e-06 17.739769046480482 1.1618972484629126e-06
520 32.841422960355686 1.4832615924752652e-06 6.623163099412794 1.4806885182200712e-06 146.87515097779112 1.141244115749239e-06 17.91199981392204 1.1617834194119135e-06
525 33.157205873436034 1.482626002613335e-06 6.686847359984071 1.4806885182200712e-06 148.2874120448853 1.1401160868616364e-06 18.0842305813636 1.161460678145891e-06
530 33.472988786516375 1.4819302053796083e-06 6.750531620555348 1.4806885182200712e-06 149.69967311197942 1.1397214714042799e-06 18.256461348805153 1.1612779201350627e-06
535 33.788771699596715 1.4813343814768599e-06 6.814215881126625 1.4806885182200712e-06 151.11193417907356 1.139594159471341e-06 18.42869211624671 1.1611622986949294e-06
540 34.10455461267706 1.480527831391528e-06 6.877900141697902 1.4806885182200712e-06 152.52419524616772 1.1392462134722237e-06 18.60092288368827 1.1610459565744332e-06
545 34.420337525757404 1.4799123480230638e-06 6.941584402269179 1.4806885182200712e-06 153.93645631326186 1.1390444493533864e-06 18.773153651129828 1.1608256685396537e-06
550 34.736120438837744 1.4792608920668762e-06 7.0052686628404555 1.4806885182200712e-06 155.348717380356 1.1389878619800617e-06 18.945384418571386 1.1604839592744654e-06
555 35.05190335191809 1.4786916891232496e-06 7.068952923411732 1.4806885182200712e-06 156.76097844745016 1.1387402059262308e-06 19.117615186012944 1.160047136550816e-06
560 35.36768626499843 1.4779298633991949e-06 7.132637183983009 1.4806885182200712e-06 158.1732395145443 1.138102003601044e-06 19.289845953454503 1.1599608539573993e-06
565 35.683469178078774 1.477424466708569e-06 7.196321444554286 1.4806885182200712e-06 159.58550058163843 1.137306600321541e-06 19.46207672089606 1.1595246538019668e-06
570 35.99925209115912 1.4766767803983672e-06 7.260005705125563 1.4806885182200712e-06 160.9977616487326 1.1369824220051009e-06 19.63430748833762 1.1590825706624676e-06
575 36.31503500423946 1.4760663206121197e-06 7.32368996569684 1.4806885182200712e-06 162.41002271582673 1.13688270873111e-06 19.806538255779177 1.1589761119251992e-06
580 36.6308179173198 1.4754627405956482e-06 7.387374226268117 1.4806885182200712e-06 163.82228378292086 1.1362623266709835e-06 19.978769023220735 1.1585092780733564e-06
585 36.94660083040015 1.4749541634267406e-06 7.451058486839394 1.4806885182200712e-06 165.23454485001503 1.1361995213626363e-06 20.150999790662294 1.1581015496508152e-06
590 37.26238374348049 1.4742445403407008e-06 7.514742747410671 1.4806885182200712e-06 166.64680591710916 1.1361405329581508e-06 20.32323055810385 1.1579307542881864e-06
595 37.57816665656083 1.4737037288439181e-06 7.578427007981948 1.4806885182200712e-06 168.0590669842033 1.135859681310148e-06 20.49546132554541 1.157351615978194e-06
600 37.89394956964118 1.4730952687991554e-06 7.642111268553225 1.4806885182200712e-06 169.47132805129746 1.1354304309923019e-06 20.667692092986968 1.1565621097301362e-06
605 38.20973248272152 1.4725245390299776e-06 7.705795529124502 1.4806885182200712e-06 170.8835891183916 1.1349111540376315e-06 20.839922860428526 1.1563592187998032e-06
610 38.52551539580186 1.4719294130709173e-06 7.769479789695779 1.4806885182200712e-06 172.29585018548573 1.1345653859918921e-06 21.012153627870084 1.156260134118758e-06
615 38.84129830888221 1.4713765381233797e-06 7.833164050267055 1.4806885182200712e-06 173.7081112525799 1.133287387383891e-06 21.184384395311643 1.156189843603031e-06
620 39.15708122196255 1.4708424216975856e-06 7.896848310838332 1.4806885182200712e-06 175.12037231967403 1.1314093594263854e-06 21.3566151627532 1.1559599855474703e-06
625 39.47286413504289 1.4702572700616474e-06 7.960532571409609 1.4806885182200712e-06 176.53263338676817 1.1300641390442935e-06 21.52884593019476 1.1555033020626844e-06
630 39.78864704812324 1.469746952436329e-06 8.024216831980885 1.4806885182200712e-06 177.94489445386233 1.1300641390442935e-06 21.701076697636317 1.1553131137929988e-06
635 40.10442996120358 1.4679036667195466e-06 8.087901092552162 1.4806885182200712e-06 179.35715552095647 1.130017073177816e-06 21.873307465077875 1.1551235995836348e-06
640 40.42021287428392 1.4673127256699478e-06 8.151585353123439 1.4806885182200712e-06 180.7694165880506 1.1298771862731273e-06 22.045538232519434 1.1548748323384444e-06
645 40.73599578736427 1.4668695192452285e-06 8.215269613694716 1.4806885182200712e-06 182.18167765514477 1.129709275664526e-06 22.21776899996099 1.1547185430660736e-06
650 41.05177870044461 1.466302274486636e-06 8.278953874265992 1.4806885182200712e-06 183.5939387222389 1.1294389349216952e-06 22.38999976740255 1.1544529787483123e-06
655 41.367561613524956 1.4646308643049576e-06 8.34263813483727 1.4806885182200712e-06 185.00619978933307 1.1293869593492827e-06 22.562230534844108 1.154035434055518e-06
660 41.683344526605296 1.4640861699528028e-06 8.406322395408546 1.4806885182200712e-06 186.4184608564272 1.1293375522835002e-06 22.734461302285666 1.1530288076876533e-06
665 41.99912743968564 1.4635891552226083e-06 8.470006655979823 1.4806885182200712e-06 187.83072192352134 1.1292329399195581e-06 22.906692069727224 1.1529123711415058e-06
670 42.314910352765985 1.463101248224782e-06 8.5336909165511 1.4806885182200712e-06 189.2429829906155 1.1291340271533723e-06 23.078922837168783 1.1526714805746474e-06
675 42.630693265846325 1.4626940584821496e-06 8.597375177122377 1.4806885182200712e-06 190.65524405770964 1.1290034714890687e-06 23.25115360461034 1.152305750661295e-06
680 42.946476178926666 1.4610789442399966e-06 8.661059437693654 1.4806885182200712e-06 192.06750512480377 1.128593399957181e-06 23.423384372051895 1.1515941578225581e-06
685 43.262259092007014 1.4595624591666832e-06 8.72474369826493 1.4806885182200712e-06 193.47976619189794 1.1277438510185424e-06 23.595615139493454 1.1513941756007054e-06
690 43.578042005087354 1.4581305925805393e-06 8.788427958836207 1.4806885182200712e-06 194.89202725899207 1.1264967595557814e-06 23.767845906935012 1.1509724093559468e-06
695 43.893824918167695 1.4567804222490257e-06 8.852112219407484 1.4806885182200712e-06 196.3042883260862 1.1247917276802426e-06 23.94007667437657 1.150220887592575e-06
700 44.20960783124804 1.4544843473751243e-06 8.915796479978763 1.4806885182200712e-06 197.71654939318037 1.1236909397940754e-06 24.11230744181813 1.1500119086487688e-06
705 44.525390744328384 1.4539898182238228e-06 8.97948074055004 1.4806885182200712e-06 199.1288104602745 1.1236841576279912e-06 24.284538209259686 1.1496604458558562e-06
710 44.841173657408724 1.4518238583107895e-06 9.043165001121316 1.4806885182200712e-06 200.54107152736864 1.1236139340877088e-06 24.456768976701245 1.149413386248794e-06
715 45.15695657048907 1.419355592519453e-06 9.106849261692593 1.4806885182200712e-06 201.9533325944628 1.1233037410784795e-06 24.628999744142803 1.1493544760992917e-06
720 45.47273948356941 1.40741965961569e-06 9.17053352226387 1.4806885182200712e-06 203.36559366155694 1.1230711905905234e-06 24.80123051158436 1.1492893670658647e-06
725 45.78852239664975 1.3986746366666153e-06 9.234217782835147 1.4806885182200712e-06 204.77785472865108 1.1229292872529962e-06 24.97346127902592 1.1492451707722062e-06
730 46.1043053097301 1.3919385784310105e-06 9.297902043406424 1.4806885182200712e-06 206.19011579574524 1.122904707909665e-06 25.145692046467477 1.149158988541708e-06
735 46.42008822281044 1.3892915212838357e-06 9.3615863039777 1.4806885182200712e-06 207.60237686283938 1.1222156594864353e-06 25.317922813909036 1.1488484400283206e-06
740 46.73587113589078 1.3821082448933075e-06 9.425270564548978 1.4806885182200712e-06 209.0146379299335 1.1221283419232655e-06 25.490153581350594 1.1484385889212962e-06
745 47.05165404897113 1.3809805298132107e-06 9.488954825120254 1.4806885182200712e-06 210.42689899702768 1.1220991759508166e-06 25.662384348792152 1.1483854215110673e-06
750 47.36743696205147 1.3797120466618057e-06 9.552639085691531 1.4806885182200712e-06 211.8391600641218 1.1216327624353432e-06 25.83461511623371 1.148252825711252e-06
755 47.68321987513181 1.3780323432178337e-06 9.616323346262808 1.4806885182200712e-06 213.25142113121595 1.1215618714556748e-06 26.00684588367527 1.1481252970219653e-06
760 47.99900278821216 1.375991429927785e-06 9.680007606834085 1.4806885182200712e-06 214.6636821983101 1.121507285663639e-06 26.179076651116826 1.1478672688214976e-06
765 48.3147857012925 1.375055037189199e-06 9.743691867405362 1.4806885182200712e-06 216.07594326540425 1.121374768012592e-06 26.351307418558385 1.1478476962752256e-06
770 48.63056861437285 1.3735626675642856e-06 9.807376127976639 1.4806885182200712e-06 217.4882043324984 1.121122316464685e-06 26.523538185999943 1.1477907706369961e-06
775 48.94635152745319 1.3610507393177897e-06 9.871060388547916 1.4806885182200712e-06 218.90046539959255 1.1207586486013882e-06 26.6957689534415 1.1476150828600443e-06
780 49.26213444053353 1.3579149148495794e-06 9.934744649119192 1.4806885182200712e-06 220.31272646668668 1.1200301207217204e-06 26.86799972088306 1.1475291357350553e-06
785 49.57791735361388 1.3557736286886391e-06 9.99842890969047 1.4806885182200712e-06 221.72498753378085 1.1200033609603784e-06 27.040230488324617 1.1474636951045613e-06
790 49.89370026669422 1.3540507334476023e-06 10.062113170261746 1.4806885182200712e-06 223.13724860087498 1.1198679542742634e-06 27.212461255766176 1.1474193676110287e-06
795 50.20948317977456 1.3531186647328188e-06 10.125797430833023 1.4806885182200712e-06 224.54950966796912 1.119827933932733e-06 27.384692023207734 1.1472654954654676e-06
800 50.525266092854906 1.3525439112319537e-06 10.1894816914043 1.4806885182200712e-06 225.96177073506328 1.1197899245099512e-06 27.556922790649292 1.1470644071729992e-06
805 50.84104900593525 1.3512500436046382e-06 10.253165951975577 1.4806885182200712e-06 227.37403180215742 1.1197007024245243e-06 27.72915355809085 1.146761672195438e-06
810 51.15683191901559 1.346789867507817e-06 10.316850212546854 1.4806885182200712e-06 228.78629286925155 1.1192842172029845e-06 27.90138432553241 1.1467115574334978e-06
815 51.472614832095935 1.344880077518478e-06 10.38053447311813 1.4806885182200712e-06 230.19855393634572 1.118815554613693e-06 28.073615092973967 1.1466170200365688e-06
820 51.788397745176276 1.3435065614701976e-06 10.444218733689407 1.4806885182200712e-06 231.61081500343985 1.1173555362177194e-06 28.245845860415525 1.1464735879235977e-06
825 52.10418065825662 1.3429526852034341e-06 10.507902994260684 1.4806885182200712e-06 233.023076070534 1.1172510502658682e-06 28.418076627857083 1.1463839052060673e-06
830 52.419963571336964 1.3424279069432708e-06 10.571587254831961 1.4806885182200712e-06 234.43533713762815 1.113750491446378e-06 28.590307395298638 1.1461959452832588e-06
835 52.735746484417305 1.3421229230586635e-06 10.635271515403238 1.4806885182200712e-06 235.8475982047223 1.1133608303058066e-06 28.762538162740196 1.1460798245024845e-06
840 53.051529397497646 1.3414721889309687e-06 10.698955775974515 1.4806885182200712e-06 237.25985927181642 1.1122301941637263e-06 28.934768930181754 1.1458769968731164e-06
845 53.367312310577994 1.3405337941605844e-06 10.762640036545791 1.4806885182200712e-06 238.6721203389106 1.1119724946250371e-06 29.106999697623312 1.145777501730549e-06
850 53.683095223658334 1.3387927451130336e-06 10.826324297117068 1.4806885182200712e-06 240.08438140600472 1.111811378709131e-06 29.27923046506487 1.145501552020437e-06
855 53.998878136738675 1.3367530628289209e-06 10.890008557688345 1.4806885182200712e-06 241.49664247309886 1.1116589599073647e-06 29.45146123250643 1.1448709789159058e-06
860 54.31466104981902 1.3314743256176416e-06 10.953692818259622 1.4806885182200712e-06 242.90890354019302 1.1115692422548674e-06 29.623691999947987 1.1435175193834942e-06
865 54.63044396289936 1.3301079855023876e-06 11.017377078830899 1.4806885182200712e-06 244.32116460728716 1.1114755379406618e-06 29.795922767389545 1.1430142293966634e-06
870 54.946226875979704 1.3253287609052556e-06 11.081061339402176 1.4806885182200712e-06 245.7334256743813 1.111422581682044e-06 29.968153534831103 1.1429679558671453e-06
875 55.26200978906005 1.3221080113093506e-06 11.144745599973453 1.4806885182200712e-06 247.14568674147546 1.1112849242142328e-06 30.14038430227266 1.1429182040823744e-06
880 55.57779270214039 1.3206988288076587e-06 11.20842986054473 1.4806885182200712e-06 248.5579478085696 1.1112529179743672e-06 30.31261506971422 1.1428430537170935e-06
885 55.89357561522074 1.3197471564319095e-06 11.272114121116006 1.4806885182200712e-06 249.97020887566376 1.1112153475572038e-06 30.484845837155778 1.1427315800435613e-06
890 56.20935852830108 1.3191479305511453e-06 11.335798381687283 1.4806885182200712e-06 251.3824699427579 1.1109776403304917e-06 30.657076604597336 1.142565506695237e-06
895 56.52514144138142 1.3182430619396236e-06 11.39948264225856 1.4806885182200712e-06 252.79473100985203 1.1108509724564255e-06 30.829307372038894 1.1423526324077654e-06
900 56.84092435446177 1.3102661244670253e-06 11.463166902829837 1.4806885182200712e-06 254.2069920769462 1.1107634075268864e-06 31.001538139480452 1.1421487314798047e-06
905 57.15670726754211 1.309081149209825e-06 11.526851163401114 1.4806885182200712e-06 255.61925314404033 1.1105502375420852e-06 31.17376890692201 1.1420295164428559e-06
910 57.47249018062245 1.3080758066339037e-06 11.59053542397239 1.4806885182200712e-06 257.0315142111345 1.1104951798672863e-06 31.34599967436357 1.1417950043071211e-06
915 57.7882730937028 1.3075192482755573e-06 11.654219684543667 1.4806885182200712e-06 258.4437752782286 1.1104534194802077e-06 31.518230441805127 1.1412894232110968e-06
920 58.10405600678314 1.3071811603510698e-06 11.717903945114944 1.4806885182200712e-06 259.85603634532276 1.110324899775127e-06 31.690461209246685 1.1405441014791186e-06
925 58.41983891986348 1.3061117988961563e-06 11.781588205686221 1.4806885182200712e-06 261.2682974124169 1.1097382155032826e-06 31.862691976688243 1.1401673734463123e-06
930 58.73562183294383 1.3051044343796832e-06 11.845272466257498 1.4806885182200712e-06 262.68055847951103 1.1091894575741586e-06 32.0349227441298 1.1401435816966934e-06
935 59.05140474602417 1.3043439920780967e-06 11.908956726828775 1.4806885182200712e-06 264.0928195466052 1.1088546386118395e-06 32.207153511571356 1.1400875161684856e-06
940 59.36718765910451 1.3040187642171246e-06 11.972640987400052 1.4806885182200712e-06 265.50508061369936 1.1077716672089563e-06 32.37938427901292 1.1400242182973006e-06
945 59.68297057218486 1.3037584193748006e-06 12.036325247971329 1.4806885182200712e-06 266.91734168079347 1.107655829392632e-06 32.55161504645447 1.1399609682673142e-06
950 59.9987534852652 1.3033823386676438e-06 12.100009508542605 1.4806885182200712e-06 268.32960274788763 1.1075145284529968e-06 32.723845813896034 1.139765129573364e-06
955 60.31453639834554 1.2996603697566579e-06 12.163693769113882 1.4806885182200712e-06 269.7418638149818 1.1070648987638642e-06 32.89607658133759 1.1395720532522109e-06
960 60.630319311425886 1.2972202863250884e-06 12.227378029685159 1.4806885182200712e-06 271.1541248820759 1.1058388381638296e-06 33.06830734877915 1.139393900548418e-06
965 60.94610222450623 1.2963030332987605e-06 12.291062290256436 1.4806885182200712e-06 272.56638594917007 1.1036038676021761e-06 33.240538116220705 1.1393015069804847e-06
970 61.26188513758657 1.2959191216284501e-06 12.354746550827713 1.4806885182200712e-06 273.97864701626423 1.1033376219880865e-06 33.41276888366227 1.1391992506447944e-06
975 61.577668050666915 1.2956705070337701e-06 12.41843081139899 1.4806885182200712e-06 275.39090808335834 1.1033174275427797e-06 33.58499965110382 1.1388787889148108e-06
980 61.893450963747256 1.2945331586765365e-06 12.482115071970266 1.4806885182200712e-06 276.8031691504525 1.1032529464189688e-06 33.75723041854538 1.1388478570302368e-06
985 62.2092338768276 1.2935902919952296e-06 12.545799332541543 1.4806885182200712e-06 278.21543021754667 1.1029281210452721e-06 33.92946118598694 1.1388007481205721e-06
990 62.525016789907944 1.2931661071379992e-06 12.60948359311282 1.4806885182200712e-06 279.6276912846408 1.1028030258089371e-06 34.1016919534285 1.138701416789502e-06
995 62.840799702988285 1.2927706235048469e-06 12.673167853684097 1.4806885182200712e-06 281.03995235173494 1.1027641273311332e-06 34.273922720870054 1.1383196348490402e-06
