N_iter t trunc_error
0 0.0038254411220550537 0.0015526807048516491
1 0.0076508822441101075 0.0015375503320779623
2 0.01147632336616516 0.0015266031022716658
3 0.015301764488220215 0.0015182981215364148
4 0.01912720561027527 0.0015118296706828512
5 0.02295264673233032 0.0015066971113512663
6 0.026778087854385377 0.0015025485388921666
7 0.03060352897644043 0.0014991229158362825
8 0.034428970098495486 0.0014962247003539356
9 0.03825441122055054 0.001493708535911918
10 0.04207985234260559 0.0014914677962472908
11 0.04590529346466064 0.001489425544967396
12 0.049730734586715696 0.0014875274823070294
13 0.053556175708770755 0.0014857365350159607
14 0.05738161683082581 0.0014840287101277666
15 0.06120705795288086 0.0014823898486498984
16 0.06503249907493591 0.0014808129856387529
17 0.06885794019699097 0.001479296122577223
18 0.07268338131904602 0.0014778403189527195
19 0.07650882244110108 0.001476448089210795
20 0.08033426356315612 0.0014751221337391206
21 0.08415970468521118 0.0014738644351865126
22 0.08798514580726624 0.0014726757238835656
23 0.09181058692932129 0.001471555276104261
24 0.09563602805137635 0.0014705009743252243
25 0.09946146917343139 0.0014695095408903465
26 0.10328691029548645 0.0014685768579415929
27 0.10711235141754151 0.001467698302422341
28 0.11093779253959656 0.0014668690477074677
29 0.11476323366165161 0.0014660843059876307
30 0.11858867478370666 0.0014653395035913914
31 0.12241411590576172 0.0014646303934120707
32 0.12623955702781678 0.0014639531149617244
33 0.13006499814987182 0.0014633042146925284
34 0.13389043927192687 0.0014626806386816014
35 0.13771588039398194 0.0014620797078827557
36 0.141541321516037 0.0014614990838131966
37 0.14536676263809203 0.001460936730307917
38 0.1491922037601471 0.0014603908750896346
39 0.15301764488220215 0.0014598599734440816
40 0.1568430860042572 0.0014593426752367868
41 0.16066852712631224 0.0014588377957895095
42 0.16449396824836732 0.0014583442906765081
43 0.16831940937042236 0.001457861234230438
44 0.1721448504924774 0.0014573878014060692
45 0.17597029161453248 0.0014569232525936404
46 0.17979573273658753 0.0014564669209673798
47 0.18362117385864257 0.0014560182019804065
48 0.18744661498069765 0.001455576544655453
49 0.1912720561027527 0.0014551414443668396
50 0.19509749722480774 0.0014547124368525922
51 0.19892293834686278 0.0014542890932382052
52 0.20274837946891786 0.0014538710158906927
53 0.2065738205909729 0.0014534578349531437
54 0.21039926171302795 0.001453049205438221
55 0.21422470283508302 0.001452644804780676
56 0.21805014395713807 0.0014522443307688612
57 0.2218755850791931 0.0014518474997899356
58 0.22570102620124818 0.0014514540453357165
59 0.22952646732330323 0.0014510637167272258
60 0.23335190844535827 0.0014506762780227157
61 0.23717734956741332 0.001450291507081349
62 0.2410027906894684 0.0014499091947595205
63 0.24482823181152344 0.0014495291442210658
64 0.24865367293357848 0.0014491511703453577
65 0.25247911405563356 0.0014487750992203533
66 0.2563045551776886 0.0014484007677093291
67 0.26012999629974365 0.00144802802308141
68 0.2639554374217987 0.001447656722697706
69 0.26778087854385374 0.0014472867337448497
70 0.2716063196659088 0.0014469179330093118
71 0.2754317607879639 0.0014465502066856276
72 0.2792572019100189 0.001446183450212511
73 0.283082643032074 0.0014458175681305026
74 0.28690808415412905 0.0014454524739557725
75 0.29073352527618407 0.0014450880900638806
76 0.29455896639823914 0.0014447243475783956
77 0.2983844075202942 0.0014443611862587837
78 0.30220984864234923 0.0014439985543821957
79 0.3060352897644043 0.0014436364086145583
80 0.3098607308864594 0.0014432747138658063
81 0.3136861720085144 0.001442913443125448
82 0.31751161313056947 0.0014425525772742206
83 0.3213370542526245 0.0014421921048687343
84 0.32516249537467956 0.0014418320218964314
85 0.32898793649673463 0.001441472331498686
86 0.33281337761878965 0.0014411130436612894
87 0.3366388187408447 0.0014407541748714865
88 0.3404642598628998 0.0014403957477425262
89 0.3442897009849548 0.0014400377906066202
90 0.3481151421070099 0.0014396803370793191
91 0.35194058322906496 0.0014393234255975851
92 0.35576602435112 0.0014389670989360677
93 0.35959146547317505 0.0014386114037058533
94 0.3634169065952301 0.0014382563898406467
95 0.36724234771728514 0.0014379021100761784
96 0.3710677888393402 0.0014375486194282872
97 0.3748932299613953 0.0014371959746757367
98 0.3787186710834503 0.0014368442338534015
99 0.3825441122055054 0.0014364934557611897
100 0.3863695533275604 0.0014361436994943216
101 0.3901949944496155 0.0014357950239989902
102 0.39402043557167055 0.0014354474876579304
103 0.39784587669372556 0.0014351011479086942
104 0.40167131781578064 0.00143475606089772
105 0.4054967589378357 0.0014344122811713437
106 0.40932220005989073 0.0014340698614051176
107 0.4131476411819458 0.0014337288521715326
108 0.4169730823040009 0.001433389301745523
109 0.4207985234260559 0.0014330512559466485
110 0.42462396454811097 0.0014327147580163845
111 0.42844940567016604 0.0014323798485282643
112 0.43227484679222106 0.0014320465653282443
113 0.43610028791427613 0.001431714943502951
114 0.4399257290363312 0.0014313850153723374
115 0.4437511701583862 0.0014310568105043268
116 0.4475766112804413 0.0014307303557480216
117 0.45140205240249637 0.001430405675282973
118 0.4552274935245514 0.001430082790681426
119 0.45905293464660646 0.0014297617209813366
120 0.4628783757686615 0.0014294424827674557
121 0.46670381689071655 0.0014291250902586483
122 0.4705292580127716 0.001428809555399325
123 0.47435469913482664 0.0014284958879536129
124 0.4781801402568817 0.0014281840956005933
125 0.4820055813789368 0.0014278741840297625
126 0.4858310225009918 0.0014275661570353616
127 0.4896564636230469 0.0014272600166091336
128 0.49348190474510195 0.001426955763030779
129 0.49730734586715697 0.0014266533949556137
130 0.501132786989212 0.0014263529094992644
131 0.5049582281112671 0.0014260543023189634
132 0.5087836692333222 0.0014257575676915454
133 0.5126091103553772 0.0014254626985879667
134 0.5164345514774322 0.0014251696867444222
135 0.5202599925994873 0.001424878522730154
136 0.5240854337215424 0.001424589196011771
137 0.5279108748435974 0.0014243016950146142
138 0.5317363159656525 0.0014240160071810255
139 0.5355617570877075 0.0014237321190257077
140 0.5393871982097626 0.001423450016188386
141 0.5432126393318176 0.001423169683483779
142 0.5470380804538727 0.0014228911049492467
143 0.5508635215759278 0.0014226142638900186
144 0.5546889626979828 0.0014223391429222815
145 0.5585144038200378 0.0014220657240142454
146 0.5623398449420929 0.0014217939885251395
147 0.566165286064148 0.0014215239172426042
148 0.569990727186203 0.0014212554904181592
149 0.5738161683082581 0.0014209886878011916
150 0.5776416094303131 0.0014207234886712996
151 0.5814670505523681 0.001420459871869321
152 0.5852924916744232 0.0014201978158269002
153 0.5891179327964783 0.0014199372985947783
154 0.5929433739185334 0.0014196782978699283
155 0.5967688150405884 0.001419420791021455
156 0.6005942561626434 0.001419164755115498
157 0.6044196972846985 0.0014189101669390498
158 0.6082451384067535 0.0014186570030227967
159 0.6120705795288086 0.0014184052396630977
160 0.6158960206508637 0.001418154852943084
161 0.6197214617729188 0.0014179058187529497
162 0.6235469028949737 0.0014176581128094905
163 0.6273723440170288 0.0014174117106749327
164 0.6311977851390839 0.0014171665877750863
165 0.6350232262611389 0.0014169227194169973
166 0.638848667383194 0.0014166800808058822
167 0.642674108505249 0.0014164386470615906
168 0.646499549627304 0.001416198393234681
169 0.6503249907493591 0.0014159592943219681
170 0.6541504318714142 0.0014157213252816824
171 0.6579758729934693 0.0014154844610483525
172 0.6618013141155243 0.001415248676547277
173 0.6656267552375793 0.0014150139467087423
174 0.6694521963596344 0.0014147802464821182
175 0.6732776374816895 0.00141454755084957
176 0.6771030786037445 0.001414315834839764
177 0.6809285197257996 0.0014140850735412712
178 0.6847539608478547 0.0014138552421160224
179 0.6885794019699096 0.0014136263158125992
180 0.6924048430919647 0.0014133982699794294
181 0.6962302842140198 0.001413171080078055
182 0.7000557253360749 0.0014129447216963797
183 0.7038811664581299 0.0014127191705618103
184 0.7077066075801849 0.0014124944025545717
185 0.71153204870224 0.0014122703937210132
186 0.715357489824295 0.0014120471202869872
187 0.7191829309463501 0.0014118245586712493
188 0.7230083720684052 0.0014116026854989758
189 0.7268338131904603 0.001411381477615402
190 0.7306592543125152 0.0014111609120994778
191 0.7344846954345703 0.0014109409662776407
192 0.7383101365566254 0.0014107216177376718
193 0.7421355776786804 0.0014105028443425806
194 0.7459610188007355 0.0014102846242446578
195 0.7497864599227906 0.001410066935899459
196 0.7536119010448455 0.0014098497580798531
197 0.7574373421669006 0.0014096330698901956
198 0.7612627832889557 0.0014094168507802981
199 0.7650882244110108 0.0014092010805595585
200 0.7689136655330658 0.0014089857394109435
201 0.7727391066551208 0.001408770807904781
202 0.7765645477771759 0.0014085562670126536
203 0.780389988899231 0.0014083420981210021
204 0.784215430021286 0.0014081282830444614
205 0.7880408711433411 0.0014079148040391251
206 0.7918663122653962 0.001407701643815432
207 0.7956917533874511 0.0014074887855507377
208 0.7995171945095062 0.0014072762129015571
209 0.8033426356315613 0.0014070639100153672
210 0.8071680767536163 0.0014068518615419723
211 0.8109935178756714 0.0014066400526443787
212 0.8148189589977265 0.0014064284690090852
213 0.8186444001197815 0.0014062170968557872
214 0.8224698412418365 0.0014060059229464978
215 0.8262952823638916 0.001405794934593937
216 0.8301207234859467 0.0014055841196691915
217 0.8339461646080017 0.0014053734666086388
218 0.8377716057300568 0.0014051629644200318
219 0.8415970468521118 0.001404952602687824
220 0.8454224879741669 0.0014047423715774778
221 0.8492479290962219 0.001404532261839027
222 0.853073370218277 0.0014043222648096386
223 0.8568988113403321 0.001404112372415176
224 0.860724252462387 0.001403902577170877
225 0.8645496935844421 0.0014036928721810353
226 0.8683751347064972 0.0014034832511375952
227 0.8722005758285523 0.0014032737083178783
228 0.8760260169506073 0.0014030642385811814
229 0.8798514580726624 0.0014028548373644582
230 0.8836768991947174 0.001402645500677009
231 0.8875023403167724 0.001402436225094092
232 0.8913277814388275 0.001402227007749683
233 0.8951532225608826 0.0014020178463282418
234 0.8989786636829377 0.0014018087390555484
235 0.9028041048049927 0.0014015996846886885
236 0.9066295459270477 0.001401390682505133
237 0.9104549870491028 0.001401181732291016
238 0.9142804281711578 0.0014009728343286833
239 0.9181058692932129 0.0014007639893833985
240 0.921931310415268 0.001400555198689459
241 0.925756751537323 0.001400346463935584
242 0.929582192659378 0.0014001377872497505
243 0.9334076337814331 0.001399929171183532
244 0.9372330749034882 0.0013997206186958083
245 0.9410585160255432 0.0013995121331361847
246 0.9448839571475983 0.0013993037182279758
247 0.9487093982696533 0.001399095378050797
248 0.9525348393917084 0.0013988871170229863
249 0.9563602805137634 0.0013986789398837578
250 0.9601857216358185 0.0013984708516752145
251 0.9640111627578736 0.0013982628577241848
252 0.9678366038799286 0.0013980549636241062
253 0.9716620450019836 0.001397847175216786
254 0.9754874861240387 0.0013976394985743227
255 0.9793129272460938 0.001397431939981035
256 0.9831383683681488 0.0013972245059155409
257 0.9869638094902039 0.0013970172030330174
258 0.9907892506122589 0.0013968100381477075
259 0.9946146917343139 0.0013966030182156535
260 0.998440132856369 0.0013963961503177197
261 1.002265573978424 0.0013961894416429715
262 1.0060910151004792 0.0013959828994723664
263 1.0099164562225342 0.0013957765311628924
264 1.0137418973445893 0.0013955703441321343
265 1.0175673384666444 0.0013953643458431272
266 1.0213927795886995 0.0013951585437898802
267 1.0252182207107543 0.0013949529454832296
268 1.0290436618328094 0.0013947475584372283
269 1.0328691029548644 0.001394542390156049
270 1.0366945440769195 0.0013943374481214018
271 1.0405199851989746 0.0013941327397805248
272 1.0443454263210297 0.0013939282725345568
273 1.0481708674430847 0.0013937240537276775
274 1.0519963085651398 0.0013935200906366086
275 1.0558217496871949 0.0013933163904607422
276 1.05964719080925 0.0013931129603127733
277 1.063472631931305 0.0013929098072098575
278 1.0672980730533599 0.0013927069380654388
279 1.071123514175415 0.0013925043596813916
280 1.07494895529747 0.0013923020787409168
281 1.078774396419525 0.0013921001018017672
282 1.0825998375415802 0.0013918984352900689
283 1.0864252786636353 0.0013916970854946508
284 1.0902507197856903 0.0013914960585617942
285 1.0940761609077454 0.001391295360490551
286 1.0979016020298005 0.0013910949971284606
287 1.1017270431518555 0.0013908949741676844
288 1.1055524842739106 0.0013906952971416658
289 1.1093779253959657 0.0013904959714221726
290 1.1132033665180205 0.0013902970022166487
291 1.1170288076400756 0.0013900983945661443
292 1.1208542487621307 0.001389900153343459
293 1.1246796898841858 0.0013897022832517084
294 1.1285051310062408 0.0013895047888232285
295 1.132330572128296 0.0013893076744188441
296 1.136156013250351 0.0013891109442273628
297 1.139981454372406 0.0013889146022654571
298 1.1438068954944611 0.0013887186523777722
299 1.1476323366165162 0.001388523098237283
300 1.1514577777385713 0.0013883279433459887
301 1.1552832188606261 0.0013881331910357323
302 1.1591086599826812 0.0013879388444693725
303 1.1629341011047363 0.0013877449066419668
304 1.1667595422267913 0.0013875513803823722
305 1.1705849833488464 0.0013873582683548913
306 1.1744104244709015 0.0013871655730610818
307 1.1782358655929566 0.001386973296841755
308 1.1820613067150116 0.0013867814418791267
309 1.1858867478370667 0.0013865900101990545
310 1.1897121889591218 0.0013863990036734326
311 1.1935376300811769 0.0013862084240226756
312 1.1973630712032317 0.0013860182728182833
313 1.2011885123252868 0.0013858285514854935
314 1.2050139534473419 0.0013856392613060178
315 1.208839394569397 0.0013854504034208708
316 1.212664835691452 0.001385261978833188
317 1.216490276813507 0.0013850739884111642
318 1.2203157179355621 0.0013848864328909745
319 1.2241411590576172 0.0013846993128797766
320 1.2279666001796723 0.0013845126288586662
321 1.2317920413017274 0.0013843263811857689
322 1.2356174824237824 0.0013841405700992235
323 1.2394429235458375 0.0013839551957202283
324 1.2432683646678924 0.0013837702580561215
325 1.2470938057899474 0.0013835857570033154
326 1.2509192469120025 0.0013834016923504621
327 1.2547446880340576 0.0013832180637813767
328 1.2585701291561127 0.0013830348708780856
329 1.2623955702781677 0.001382852113123743
330 1.2662210114002228 0.0013826697899056235
331 1.2700464525222779 0.0013824879005180644
332 1.273871893644333 0.0013823064441653063
333 1.277697334766388 0.001382125419964403
334 1.281522775888443 0.0013819448269480063
335 1.285348217010498 0.001381764664067175
336 1.289173658132553 0.0013815849301941315
337 1.292999099254608 0.0013814056241249395
338 1.2968245403766632 0.0013812267445821526
339 1.3006499814987182 0.0013810482902175162
340 1.3044754226207733 0.0013808702596144176
341 1.3083008637428284 0.0013806926512905417
342 1.3121263048648835 0.001380515463700251
343 1.3159517459869385 0.0013803386952370724
344 1.3197771871089936 0.0013801623442360573
345 1.3236026282310487 0.0013799864089761257
346 1.3274280693531038 0.0013798108876823495
347 1.3312535104751586 0.0013796357785282045
348 1.3350789515972137 0.001379461079637745
349 1.3389043927192688 0.0013792867890877521
350 1.3427298338413238 0.001379112904909774
351 1.346555274963379 0.0013789394250922568
352 1.350380716085434 0.0013787663475824984
353 1.354206157207489 0.0013785936702885243
354 1.3580315983295441 0.0013784213910811088
355 1.3618570394515992 0.0013782495077955161
356 1.3656824805736543 0.0013780780182333675
357 1.3695079216957093 0.001377906920164324
358 1.3733333628177642 0.001377736211327852
359 1.3771588039398193 0.0013775658894348629
360 1.3809842450618743 0.00137739595216932
361 1.3848096861839294 0.0013772263971898
362 1.3886351273059845 0.0013770572221310394
363 1.3924605684280396 0.0013768884246053552
364 1.3962860095500946 0.0013767200022041359
365 1.4001114506721497 0.0013765519524991747
366 1.4039368917942048 0.001376384273044068
367 1.4077623329162599 0.0013762169613755057
368 1.411587774038315 0.0013760500150144413
369 1.4154132151603698 0.0013758834314674339
370 1.4192386562824248 0.0013757172082277335
371 1.42306409740448 0.0013755513427764611
372 1.426889538526535 0.0013753858325836483
373 1.43071497964859 0.0013752206751093188
374 1.4345404207706451 0.001375055867804502
375 1.4383658618927002 0.001374891408112155
376 1.4421913030147553 0.0013747272934681806
377 1.4460167441368104 0.001374563521302189
378 1.4498421852588654 0.0013744000890384329
379 1.4536676263809205 0.001374236994096581
380 1.4574930675029756 0.0013740742338924962
381 1.4613185086250304 0.0013739118058389585
382 1.4651439497470855 0.0013737497073463693
383 1.4689693908691406 0.0013735879358233642
384 1.4727948319911957 0.0013734264886774632
385 1.4766202731132507 0.0013732653633155895
386 1.4804457142353058 0.0013731045571446637
387 1.4842711553573609 0.0013729440675720786
388 1.488096596479416 0.0013727838920061391
389 1.491922037601471 0.0013726240278564587
390 1.495747478723526 0.0013724644725344013
391 1.4995729198455812 0.0013723052234533332
392 1.503398360967636 0.0013721462780290237
393 1.507223802089691 0.001371987633679773
394 1.5110492432117462 0.0013718292878267704
395 1.5148746843338012 0.001371671237894165
396 1.5187001254558563 0.0013715134813092748
397 1.5225255665779114 0.0013713560155026343
398 1.5263510076999665 0.0013711988379081054
399 1.5301764488220215 0.0013710419459628494
400 1.5340018899440766 0.0013708853371073376
401 1.5378273310661317 0.001370729008785296
402 1.5416527721881867 0.0013705729584435249
403 1.5454782133102416 0.0013704171835318627
404 1.5493036544322967 0.0013702616815029116
405 1.5531290955543517 0.0013701064498118699
406 1.5569545366764068 0.0013699514859161878
407 1.560779977798462 0.0013697967872753401
408 1.564605418920517 0.0013696423513503903
409 1.568430860042572 0.0013694881756036179
410 1.5722563011646271 0.0013693342574980763
411 1.5760817422866822 0.0013691805944970872
412 1.5799071834087373 0.0013690271840637197
413 1.5837326245307923 0.0013688740236601695
414 1.5875580656528474 0.001368721110747184
415 1.5913835067749023 0.0013685684427833457
416 1.5952089478969573 0.0013684160172243503
417 1.5990343890190124 0.0013682638315222573
418 1.6028598301410675 0.0013681118831246567
419 1.6066852712631225 0.0013679601694737943
420 1.6105107123851776 0.0013678086880056675
421 1.6143361535072327 0.001367657436149063
422 1.6181615946292878 0.0013675064113244644
423 1.6219870357513428 0.0013673556109431474
424 1.625812476873398 0.0013672050324058502
425 1.629637917995453 0.0013670546731017342
426 1.6334633591175078 0.0013669045304071374
427 1.637288800239563 0.0013667546016842484
428 1.641114241361618 0.0013666048842798089
429 1.644939682483673 0.001366455375523678
430 1.6487651236057281 0.0013663060727274314
431 1.6525905647277832 0.001366156973182796
432 1.6564160058498383 0.001366008074160113
433 1.6602414469718934 0.001365859372906726
434 1.6640668880939484 0.0013657108666452699
435 1.6678923292160035 0.0013655625525719366
436 1.6717177703380586 0.0013654144278546414
437 1.6755432114601136 0.0013652664896311732
438 1.6793686525821685 0.0013651187350072396
439 1.6831940937042236 0.0013649711610544842
440 1.6870195348262786 0.0013648237648083619
441 1.6908449759483337 0.001364676543266111
442 1.6946704170703888 0.0013645294933844212
443 1.6984958581924439 0.0013643826120772514
444 1.702321299314499 0.0013642358962134408
445 1.706146740436554 0.0013640893426142906
446 1.709972181558609 0.0013639429480510686
447 1.7137976226806642 0.0013637967092424807
448 1.7176230638027192 0.0013636506228519704
449 1.721448504924774 0.0013635046854850554
450 1.7252739460468292 0.0013633588936864856
451 1.7290993871688842 0.0013632132439374157
452 1.7329248282909393 0.0013630677326523866
453 1.7367502694129944 0.0013629223561763347
454 1.7405757105350494 0.0013627771107814466
455 1.7444011516571045 0.0013626319926639653
456 1.7482265927791596 0.001362486997940896
457 1.7520520339012147 0.0013623421226465968
458 1.7558774750232697 0.0013621973627293935
459 1.7597029161453248 0.0013620527140479378
460 1.7635283572673797 0.001361908172367642
461 1.7673537983894347 0.0013617637333568865
462 1.7711792395114898 0.0013616193925832572
463 1.7750046806335449 0.0013614751455096109
464 1.7788301217556 0.0013613309874900782
465 1.782655562877655 0.0013611869137659985
466 1.78648100399971 0.0013610429194617277
467 1.7903064451217652 0.0013608989995803865
468 1.7941318862438203 0.0013607551489995349
469 1.7979573273658753 0.00136061136246674
470 1.8017827684879304 0.0013604676345950598
471 1.8056082096099855 0.0013603239598584452
472 1.8094336507320403 0.001360180332587144
473 1.8132590918540954 0.001360036746962908
474 1.8170845329761505 0.0013598931970142687
475 1.8209099740982055 0.001359749676611695
476 1.8247354152202606 0.0013596061794626398
477 1.8285608563423157 0.0013594626991067214
478 1.8323862974643708 0.0013593192289106453
479 1.8362117385864258 0.0013591757620633898
480 1.840037179708481 0.0013590322915710846
481 1.843862620830536 0.0013588888102521901
482 1.847688061952591 0.0013587453107324933
483 1.851513503074646 0.0013586017854403038
484 1.855338944196701 0.0013584582266016356
485 1.859164385318756 0.0013583146262355762
486 1.8629898264408111 0.001358170976149698
487 1.8668152675628662 0.001358027267935732
488 1.8706407086849213 0.001357883492965363
489 1.8744661498069763 0.001357739642386369
490 1.8782915909290314 0.0013575957071189954
491 1.8821170320510865 0.00135745167785269
492 1.8859424731731416 0.001357307545043242
493 1.8897679142951966 0.0013571632989104589
494 1.8935933554172515 0.0013570189294363677
495 1.8974187965393066 0.0013568744263639247
496 1.9012442376613616 0.001356729779196641
497 1.9050696787834167 0.0013565849771989163
498 1.9088951199054718 0.001356440009397261
499 1.9127205610275269 0.0013562948645826738
500 1.916546002149582 0.001356149531314082
501 1.920371443271637 0.0013560039979231232
502 1.924196884393692 0.0013558582525203843
503 1.9280223255157471 0.0013557122830032606
504 1.9318477666378022 0.0013555660770657137
505 1.9356732077598573 0.0013554196222097126
506 1.9394986488819121 0.001355272905759142
507 1.9433240900039672 0.0013551259148759998
508 1.9471495311260223 0.0013549786365791737
509 1.9509749722480774 0.0013548310577661293
510 1.9548004133701324 0.001354683165237657
511 1.9586258544921875 0.0013545349457258072
512 1.9624512956142426 0.0013543863859257345
513 1.9662767367362977 0.0013542374725309997
514 1.9701021778583527 0.0013540881922732835
515 1.9739276189804078 0.0013539385319662164
516 1.9777530601024629 0.00135378847855387
517 1.9815785012245177 0.001353638019163878
518 1.9854039423465728 0.0013534871411657158
519 1.9892293834686279 0.001353335832233743
520 1.993054824590683 0.0013531840804158193
521 1.996880265712738 0.0013530318742066589
522 2.0007057068347933 0.0013528792026265611
523 2.004531147956848 0.001352726055305092
524 2.008356589078903 0.0013525724225695185
525 2.0121820302009583 0.0013524182955376284
526 2.016007471323013 0.0013522636662142873
527 2.0198329124450685 0.001352108527591419
528 2.0236583535671233 0.0013519528737504255
529 2.0274837946891786 0.0013517966999656618
530 2.0313092358112335 0.0013516400028086382
531 2.0351346769332888 0.0013514827802507555
532 2.0389601180553436 0.0013513250317635098
533 2.042785559177399 0.001351166758414101
534 2.0466110002994538 0.0013510079629548944
535 2.0504364414215086 0.0013508486499042925
536 2.054261882543564 0.0013506888256170889
537 2.0580873236656188 0.001350528498341723
538 2.061912764787674 0.001350367678262688
539 2.065738205909729 0.0013502063775252123
540 2.069563647031784 0.001350044610240365
541 2.073389088153839 0.0013498823924687669
542 2.0772145292758943 0.0013497197421808262
543 2.081039970397949 0.0013495566791923645
544 2.0848654115200045 0.0013493932250747782
545 2.0886908526420593 0.0013492294030391858
546 2.092516293764114 0.0013490652377948702
547 2.0963417348861695 0.0013489007553825461
548 2.1001671760082243 0.001348735982984607
549 2.1039926171302796 0.0013485709487137004
550 2.1078180582523345 0.0013484056813833033
551 2.1116434993743898 0.0013482402102630558
552 2.1154689404964446 0.00134807456482346
553 2.1192943816185 0.001347908774473964
554 2.1231198227405548 0.0013477428682997904
555 2.12694526386261 0.0013475768748019135
556 2.130770704984665 0.0013474108216455281
557 2.1345961461067198 0.0013472447354218131
558 2.138421587228775 0.0013470786414275869
559 2.14224702835083 0.0013469125634668192
560 2.146072469472885 0.0013467465236775972
561 2.14989791059494 0.0013465805423875882
562 2.1537233517169954 0.0013464146379993322
563 2.15754879283905 0.0013462488269076528
564 2.1613742339611055 0.0013460831234485267
565 2.1651996750831604 0.0013459175398796513
566 2.1690251162052157 0.0013457520863910913
567 2.1728505573272705 0.0013455867711447739
568 2.1766759984493254 0.0013454216003395865
569 2.1805014395713807 0.0013452565782998225
570 2.1843268806934355 0.0013450917075834774
571 2.188152321815491 0.0013449269891071475
572 2.1919777629375456 0.0013447624222835972
573 2.195803204059601 0.001344598005169096
574 2.199628645181656 0.001344433734616732
575 2.203454086303711 0.001344269606432694
576 2.207279527425766 0.0013441056155325
577 2.2111049685478212 0.0013439417560946897
578 2.214930409669876 0.001343778021709958
579 2.2187558507919314 0.001343614405523248
580 2.2225812919139862 0.0013434509003681838
581 2.226406733036041 0.0013432874988917917
582 2.2302321741580964 0.001343124193669469
583 2.2340576152801512 0.0013429609773091414
584 2.2378830564022065 0.0013427978425447997
585 2.2417084975242614 0.0013426347823191239
586 2.2455339386463167 0.0013424717898555783
587 2.2493593797683715 0.0013423088587203222
588 2.253184820890427 0.0013421459828743577
589 2.2570102620124817 0.001341983156716808
590 2.260835703134537 0.0013418203751196871
591 2.264661144256592 0.0013416576334549831
592 2.2684865853786467 0.0013414949276149564
593 2.272312026500702 0.0013413322540262742
594 2.276137467622757 0.0013411696096587552
595 2.279962908744812 0.0013410069920293517
596 2.283788349866867 0.0013408443992022306
597 2.2876137909889223 0.0013406818297854166
598 2.291439232110977 0.0013405192829247532
599 2.2952646732330324 0.0013403567582955197
600 2.2990901143550873 0.001340194256092361
601 2.3029155554771426 0.0013400317770179174
602 2.3067409965991974 0.0013398693222704896
603 2.3105664377212523 0.001339706893531125
604 2.3143918788433075 0.0013395444929503776
605 2.3182173199653624 0.001339382123135078
606 2.3220427610874177 0.001339219787135057
607 2.3258682022094725 0.0013390574884303457
608 2.329693643331528 0.0013388952309186565
609 2.3335190844535827 0.0013387330189034584
610 2.337344525575638 0.0013385708570824932
611 2.341169966697693 0.001338408750536983
612 2.344995407819748 0.0013382467047213587
613 2.348820848941803 0.001338084725453634
614 2.352646290063858 0.0013379228189062968
615 2.356471731185913 0.001337760991597685
616 2.360297172307968 0.001337599250383901
617 2.3641226134300233 0.0013374376024510297
618 2.367948054552078 0.0013372760553076414
619 2.3717734956741334 0.0013371146167775847
620 2.3755989367961883 0.0013369532949928122
621 2.3794243779182436 0.001336792098386356
622 2.3832498190402984 0.0013366310356850708
623 2.3870752601623537 0.0013364701159024408
624 2.3909007012844086 0.001336309348330919
625 2.3947261424064634 0.001336148742534047
626 2.3985515835285187 0.0013359883083381688
627 2.4023770246505736 0.001335828055823582
628 2.406202465772629 0.0013356679953151315
629 2.4100279068946837 0.0013355081373721475
630 2.413853348016739 0.0013353484927776476
631 2.417678789138794 0.0013351890725269682
632 2.421504230260849 0.0013350298878152967
633 2.425329671382904 0.0013348709500246095
634 2.4291551125049593 0.0013347122707096212
635 2.432980553627014 0.00133455386158298
636 2.4368059947490694 0.0013343957344994072
637 2.4406314358711243 0.0013342379014391482
638 2.444456876993179 0.0013340803744905031
639 2.4482823181152344 0.001333923165831369
640 2.4521077592372893 0.0013337662877102613
641 2.4559332003593446 0.0013336097524263232
642 2.4597586414813994 0.00133345357230872
643 2.4635840826034547 0.0013332977596953713
644 2.4674095237255096 0.001333142326911068
645 2.471234964847565 0.0013329872862450785
646 2.4750604059696197 0.0013328326499283364
647 2.478885847091675 0.0013326784301101692
648 2.48271128821373 0.0013325246388348484
649 2.4865367293357847 0.0013323712880178957
650 2.49036217045784 0.0013322183894223245
651 2.494187611579895 0.00133206595463489
652 2.49801305270195 0.001331913995042368
653 2.501838493824005 0.0013317625218081828
654 2.5056639349460603 0.001331611545849173
655 2.509489376068115 0.0013314610778128932
656 2.5133148171901705 0.0013313111280553191
657 2.5171402583122253 0.0013311617066192358
658 2.5209656994342806 0.0013310128232132314
659 2.5247911405563355 0.00133086448719147
660 2.5286165816783903 0.0013307167075344475
661 2.5324420228004456 0.0013305694928305272
662 2.5362674639225005 0.0013304228512585965
663 2.5400929050445558 0.0013302767905717442
664 2.5439183461666106 0.0013301313180821546
665 2.547743787288666 0.0013299864406471377
666 2.5515692284107208 0.0013298421646564776
667 2.555394669532776 0.0013296984960209698
668 2.559220110654831 0.0013295554401624376
669 2.563045551776886 0.0013294130020049108
670 2.566870992898941 0.0013292711859673382
671 2.570696434020996 0.0013291299959576099
672 2.574521875143051 0.001328989435367957
673 2.578347316265106 0.0013288495070717808
674 2.5821727573871613 0.001328710213421751
675 2.585998198509216 0.0013285715562493347
676 2.5898236396312715 0.0013284335368656298
677 2.5936490807533263 0.001328296156063445
678 2.5974745218753816 0.001328159414120747
679 2.6012999629974365 0.0013280233108051123
680 2.605125404119492 0.0013278878453795238
681 2.6089508452415466 0.0013277530166091757
682 2.6127762863636015 0.0013276188227693423
683 2.616601727485657 0.0013274852616541773
684 2.6204271686077116 0.0013273523305865817
685 2.624252609729767 0.0013272200264287288
686 2.628078050851822 0.0013270883455934646
687 2.631903491973877 0.0013269572840564656
688 2.635728933095932 0.0013268268373689228
689 2.639554374217987 0.0013266970006708414
690 2.643379815340042 0.0013265677687048674
691 2.6472052564620974 0.0013264391358304875
692 2.651030697584152 0.001326311096038576
693 2.6548561387062075 0.0013261836429663003
694 2.6586815798282624 0.0013260567699121156
696 2.6663324620723725 0.001325804735449843
698 2.6739833443164827 0.0013255549328456946
700 2.681634226560593 0.0013253072978522957
702 2.689285108804703 0.0013250617622650573
704 2.696935991048813 0.0013248182543948459
706 2.704586873292923 0.0013245766995241335
708 2.712237755537033 0.0013243370203419509
710 2.719888637781143 0.0013240991373545952
712 2.7275395200252532 0.0013238629692689798
714 2.7351904022693634 0.0013236284333472464
716 2.7428412845134735 0.0013233954457313925
718 2.7504921667575837 0.0013231639217375758
720 2.758143049001694 0.0013229337761203892
722 2.765793931245804 0.0013227049233077277
724 2.773444813489914 0.0013224772776074725
726 2.7810956957340243 0.0013222507533873227
728 2.788746577978134 0.0013220252652296803
730 2.796397460222244 0.0013218007280632383
732 2.8040483424663543 0.0013215770572736535
734 2.8116992247104644 0.0013213541687949323
736 2.8193501069545746 0.0013211319791841005
738 2.8270009891986847 0.0013209104056809875
740 2.834651871442795 0.0013206893662552894
742 2.842302753686905 0.0013204687796429652
744 2.849953635931015 0.0013202485653737864
746 2.8576045181751253 0.0013200286437919507
748 2.8652554004192354 0.001319808936071463
750 2.872906282663345 0.0013195893642280532
752 2.8805571649074553 0.0013193698511289355
754 2.8882080471515654 0.0013191503205021078
756 2.8958589293956756 0.0013189306969463295
758 2.9035098116397857 0.0013187109059431261
760 2.911160693883896 0.0013184908738720661
762 2.918811576128006 0.0013182705280301449
764 2.926462458372116 0.0013180497966565979
766 2.9341133406162263 0.001317828608963824
768 2.9417642228603365 0.0013176068951753627
770 2.9494151051044466 0.0013173845865718748
772 2.9570659873485567 0.0013171616155455688
774 2.9647168695926664 0.0013169379156639629
776 2.9723677518367766 0.001316713421743513
778 2.9800186340808867 0.0013164880699335977
780 2.987669516324997 0.0013162617978114593
782 2.995320398569107 0.0013160345444882223
784 3.002971280813217 0.001315806250726596
786 3.0106221630573273 0.0013155768590702816
788 3.0182730453014375 0.001315346313985154
790 3.0259239275455476 0.0013151145620124097
792 3.0335748097896578 0.001314881551933351
794 3.041225692033768 0.0013146472349457473
796 3.0488765742778776 0.0013144115648511116
798 3.0565274565219878 0.001314174498252548
800 3.064178338766098 0.0013139359947624432
802 3.071829221010208 0.0013136960172189435
804 3.079480103254318 0.0013134545319102417
806 3.0871309854984283 0.0013132115088052689
808 3.0947818677425385 0.0013129669217894259
810 3.1024327499866486 0.0013127207489034647
812 3.110083632230759 0.0013124729725837753
814 3.117734514474869 0.0013122235799016624
816 3.125385396718979 0.0013119725627996361
818 3.1330362789630892 0.0013117199183217505
820 3.140687161207199 0.0013114656488356288
822 3.148338043451309 0.0013112097622429448
824 3.1559889256954192 0.0013109522721756655
826 3.1636398079395294 0.0013106931981746487
828 3.1712906901836395 0.0013104325658476498
830 3.1789415724277497 0.0013101704070032046
832 3.18659245467186 0.00130990675975741
834 3.19424333691597 0.0013096416686105281
836 3.20189421916008 0.001309375184489972
838 3.2095451014041902 0.0013091073647574561
840 3.2171959836483004 0.0013088382731769764
842 3.22484686589241 0.0013085679798419353
844 3.2324977481365202 0.001308296561059077
846 3.2401486303806304 0.0013080240991876141
848 3.2477995126247405 0.0013077506824327992
850 3.2554503948688507 0.0013074764045928086
852 3.263101277112961 0.001307201364759307
854 3.270752159357071 0.0013069256669721487
856 3.278403041601181 0.0013066494198291341
858 3.2860539238452913 0.001306372736052934
860 3.2937048060894014 0.001306095732017562
862 3.3013556883335116 0.0013058185272376564
864 3.3090065705776213 0.0013055412438242354
866 3.3166574528217314 0.001305264005911537
868 3.3243083350658416 0.0013049869390600905
870 3.3319592173099517 0.0013047101696415603
872 3.339610099554062 0.0013044338242116512
874 3.347260981798172 0.0013041580288773716
876 3.354911864042282 0.0013038829086657287
878 3.3625627462863923 0.0013036085869007857
880 3.3702136285305024 0.0013033351845960243
882 3.3778645107746126 0.0013030628198689956
884 3.3855153930187227 0.0013027916073847878
886 3.393166275262833 0.0013025216578348353
888 3.4008171575069426 0.0013022530774564973
890 3.4084680397510527 0.001301985967598347
892 3.416118921995163 0.0013017204243357294
894 3.423769804239273 0.001301456538139498
896 3.431420686483383 0.0013011943936005787
898 3.4390715687274933 0.0013009340692116697
900 3.4467224509716035 0.001300675637206341
902 3.4543733332157136 0.0013004191634551623
904 3.4620242154598238 0.0013001647074172551
906 3.469675097703934 0.0012999123221449501
908 3.477325979948044 0.001299662054338528
910 3.4849768621921537 0.0012994139444475377
912 3.492627744436264 0.0012991680268140077
914 3.500278626680374 0.0012989243298536252
916 3.507929508924484 0.0012986828762698089
918 3.5155803911685943 0.0012984436832956222
920 3.5232312734127045 0.0012982067629587432
922 3.5308821556568146 0.001297972122364878
924 3.5385330379009248 0.001297739763994532
926 3.546183920145035 0.001297509686009123
928 3.553834802389145 0.0012972818825620497
930 3.561485684633255 0.0012970563441113351
932 3.569136566877365 0.0012968330577301393
934 3.576787449121475 0.0012966120074124872
936 3.584438331365585 0.0012963931743715182
938 3.5920892136096954 0.0012961765373281995
940 3.5997400958538055 0.0012959620727885884
942 3.6073909780979156 0.0012957497553085886
944 3.615041860342026 0.0012955395577447008
946 3.622692742586136 0.0012953314514903749
948 3.630343624830246 0.001295125406697362
950 3.6379945070743562 0.0012949213924817846
952 3.6456453893184664 0.001294719377115018
954 3.6532962715625765 0.00129451932819951
956 3.6609471538066862 0.001294321212829841
958 3.6685980360507964 0.001294124997739475
960 3.6762489182949065 0.0012939306494338606
962 3.6838998005390167 0.0012937381343102686
964 3.691550682783127 0.0012935474187653583
966 3.699201565027237 0.0012933584692909493
968 3.706852447271347 0.0012931712525588287
970 3.7145033295154573 0.0012929857354953681
972 3.7221542117595674 0.0012928018853466774
974 3.7298050940036775 0.0012926196697350336
976 3.7374559762477877 0.0012924390567072726
978 3.7451068584918974 0.0012922600147759345
980 3.7527577407360075 0.0012920825129536975
982 3.7604086229801177 0.0012919065207818363
984 3.768059505224228 0.0012917320083532273
986 3.775710387468338 0.001291558946330492
988 3.783361269712448 0.0012913873059597937
990 3.7910121519565583 0.001291217059080824
992 3.7986630342006684 0.0012910481781332297
994 3.8063139164447786 0.0012908806361601414
996 3.8139647986888887 0.0012907144068090705
998 3.821615680932999 0.001290549464330416
1000 3.829266563177109 0.0012903857835740594
1002 3.8369174454212187 0.0012902233399842348
1004 3.844568327665329 0.0012900621095929285
1006 3.852219209909439 0.00128990206901205
1008 3.859870092153549 0.0012897431954245794
1010 3.8675209743976593 0.001289585466574885
1012 3.8751718566417694 0.0012894288607583075
1014 3.8828227388858796 0.0012892733568102722
1016 3.8904736211299897 0.0012891189340948877
1018 3.8981245033741 0.0012889655724932796
1020 3.90577538561821 0.0012888132523917455
1022 3.91342626786232 0.0012886619546696974
1024 3.92107715010643 0.001288511660687579
1026 3.92872803235054 0.0012883623522748102
1028 3.93637891459465 0.0012882140117177108
1030 3.9440297968387603 0.0012880666217475888
1032 3.9516806790828705 0.0012879201655289255
1034 3.9593315613269806 0.0012877746266477207
1036 3.9669824435710908 0.0012876299891000388
1038 3.974633325815201 0.0012874862372807756
1040 3.982284208059311 0.001287343355972643
1042 3.989935090303421 0.0012872013303353422
1044 3.9975859725475313 0.0012870601458951113
1046 4.005236854791641 0.0012869197885343614
1048 4.012887737035752 0.0012867802444817371
1050 4.020538619279861 0.001286641500302298
1052 4.028189501523972 0.0012865035428880655
1054 4.035840383768082 0.0012863663594487945
1056 4.043491266012192 0.001286229937502992
1058 4.051142148256302 0.0012860942648691978
1060 4.058793030500412 0.0012859593296575518
1062 4.066443912744522 0.0012858251202615763
1064 4.074094794988632 0.001285691625350184
1066 4.0817456772327425 0.001285558833860006
1068 4.089396559476852 0.0012854267349878324
1070 4.097047441720963 0.0012852953181834088
1072 4.1046983239650725 0.001285164573142349
1074 4.112349206209183 0.0012850344897993094
1076 4.120000088453293 0.0012849050583213536
1078 4.127650970697403 0.0012847762691015673
1080 4.135301852941513 0.0012846481127527848
1082 4.142952735185623 0.0012845205801015926
1084 4.150603617429733 0.0012843936621824256
1086 4.158254499673843 0.0012842673502319157
1088 4.165905381917954 0.0012841416356833872
1090 4.173556264162063 0.0012840165101615055
1092 4.181207146406174 0.0012838919654770851
1094 4.188858028650284 0.0012837679936220728
1096 4.196508910894394 0.0012836445867646666
1098 4.204159793138504 0.001283521737244595
1101 4.215636116504669 0.001283338491624785
1104 4.227112439870834 0.0012831564585826882
1107 4.238588763237 0.0012829756142989633
1110 4.250065086603165 0.0012827959357129823
1113 4.26154140996933 0.001282617400492921
1116 4.273017733335495 0.001282439987007169
1119 4.28449405670166 0.0012822636742969204
1122 4.295970380067826 0.001282088442049919
1125 4.307446703433991 0.0012819142705753352
1128 4.318923026800156 0.0012817411407796606
1131 4.330399350166321 0.0012815690341436191
1134 4.341875673532486 0.0012813979327000393
1137 4.353351996898651 0.0012812278190126485
1140 4.364828320264817 0.0012810586761556999
1143 4.376304643630982 0.0012808904876944424
1146 4.387780966997147 0.0012807232376664866
1149 4.399257290363312 0.0012805569105637485
1152 4.410733613729477 0.0012803914913152718
1155 4.4222099370956425 0.0012802269652707015
1158 4.4336862604618075 0.0012800633181844127
1161 4.4451625838279725 0.001279900536200311
1164 4.4566389071941375 0.001279738605837194
1167 4.4681152305603025 0.0012795775139747849
1170 4.479591553926468 0.0012794172478402348
1173 4.491067877292633 0.0012792577949952517
1176 4.502544200658798 0.0012790991433236976
1179 4.514020524024963 0.001278941281019697
1182 4.525496847391128 0.0012787841965762358
1185 4.536973170757293 0.0012786278787742162
1188 4.548449494123459 0.0012784723166719288
1191 4.559925817489624 0.0012783174995950033
1194 4.571402140855789 0.0012781634171266946
1197 4.582878464221954 0.0012780100590986424
1200 4.594354787588119 0.001277857415581908
1203 4.605831110954285 0.001277705476878477
1206 4.61730743432045 0.0012775542335130465
1209 4.628783757686615 0.0012774036762251432
1212 4.64026008105278 0.0012772537959615789
1215 4.651736404418945 0.0012771045838692273
1218 4.66321272778511 0.0012769560312880742
1221 4.674689051151276 0.001276808129744551
1224 4.686165374517441 0.0012766608709451667
1227 4.697641697883606 0.001276514246770345
1230 4.709118021249771 0.0012763682492686022
1233 4.720594344615936 0.0012762228706508876
1236 4.732070667982102 0.0012760781032851777
1239 4.743546991348267 0.0012759339396913288
1242 4.755023314714432 0.0012757903725360668
1245 4.766499638080597 0.0012756473946283172
1248 4.777975961446762 0.001275504998914538
1251 4.789452284812927 0.0012753631784744438
1254 4.800928608179093 0.0012752219265167713
1257 4.812404931545258 0.001275081236375286
1260 4.823881254911423 0.001274941101504913
1263 4.835357578277588 0.0012748015154780785
1266 4.846833901643753 0.00127466247198116
1269 4.858310225009919 0.001274523964811149
1272 4.869786548376084 0.0012743859878723521
1275 4.881262871742249 0.0012742485351733396
1278 4.892739195108414 0.0012741116008239204
1281 4.904215518474579 0.0012739751790323474
1284 4.9156918418407445 0.001273839264102569
1287 4.9271681652069095 0.0012737038504316
1290 4.9386444885730745 0.001273568932507053
1293 4.9501208119392395 0.0012734345049047362
1296 4.9615971353054045 0.0012733005622863186
1299 4.9730734586715695 0.0012731670993971756
1302 4.984549782037735 0.0012730341110642862
1305 4.9960261054039 0.0012729015921941964
1308 5.007502428770065 0.0012727695377710861
1311 5.01897875213623 0.0012726379428549428
1314 5.030455075502395 0.0012725068025797677
1317 5.041931398868561 0.0012723761121519058
1320 5.053407722234726 0.001272245866848399
1323 5.064884045600891 0.0012721160620154238
1326 5.076360368967056 0.001271986693066832
1329 5.087836692333221 0.0012718577554827024
1332 5.099313015699386 0.0012717292448079626
1335 5.110789339065552 0.0012716011566510938
1338 5.122265662431717 0.0012714734866828739
1341 5.133741985797882 0.0012713462306351716
1344 5.145218309164047 0.0012712193842997598
1347 5.156694632530212 0.0012710929435272662
1350 5.168170955896378 0.0012709669042260624
1353 5.179647279262543 0.001270841262361258
1356 5.191123602628708 0.0012707160139537358
1359 5.202599925994873 0.001270591155079206
1362 5.214076249361038 0.001270466681867295
1365 5.225552572727203 0.0012703425905006838
1368 5.237028896093369 0.001270218877214281
1371 5.248505219459534 0.0012700955382944398
1374 5.259981542825699 0.0012699725700781594
1377 5.271457866191864 0.0012698499689523452
1380 5.282934189558029 0.0012697277313531243
1383 5.294410512924195 0.0012696058537651656
1386 5.30588683629036 0.0012694843327209742
1388 5.313537718534469 0.0012694035150804543
1392 5.32883948302269 0.0012692423466295387
1396 5.34414124751091 0.0012690817940456877
1400 5.35944301199913 0.0012689218495667124
1404 5.374744776487351 0.0012687625055717501
1408 5.390046540975571 0.0012686037545791289
1412 5.405348305463791 0.0012684455892441975
1416 5.4206500699520115 0.0012682880023573222
1420 5.435951834440232 0.001268130986841956
1424 5.451253598928451 0.0012679745357527345
1428 5.4665553634166715 0.0012678186422737086
1432 5.481857127904892 0.0012676632997165897
1436 5.497158892393112 0.0012675085015190785
1440 5.512460656881332 0.001267354241243246
1444 5.527762421369553 0.0012672005125739612
1448 5.543064185857773 0.0012670473093173574
1452 5.558365950345993 0.0012668946253993586
1456 5.5736677148342135 0.0012667424548642207
1460 5.588969479322434 0.0012665907918731323
1464 5.604271243810654 0.0012664396307028303
1468 5.6195730082988735 0.0012662889657442278
1472 5.634874772787094 0.0012661387915011064
1476 5.650176537275314 0.0012659891025888356
1480 5.665478301763534 0.001265839893733041
1484 5.680780066251755 0.0012656911597683515
1488 5.696081830739975 0.0012655428956371716
1492 5.711383595228195 0.0012653950963884423
1496 5.726685359716416 0.0012652477571763617
1500 5.741987124204636 0.0012651008732592337
1504 5.757288888692856 0.0012649544399982338
1508 5.7725906531810764 0.0012648084528562075
1512 5.787892417669297 0.0012646629073964867
1516 5.803194182157516 0.001264517799281669
1520 5.818495946645736 0.0012643731242724594
1524 5.833797711133957 0.0012642288782264712
1528 5.849099475622177 0.0012640850570970333
1532 5.864401240110397 0.0012639416569320086
1536 5.879703004598618 0.00126379867387262
1540 5.895004769086838 0.001263656104152221
1544 5.910306533575058 0.0012635139440951425
1548 5.9256082980632785 0.0012633721901154989
1552 5.940910062551499 0.001263230838715922
1556 5.956211827039719 0.0012630898864864578
1560 5.9715135915279385 0.0012629493301032865
1564 5.986815356016159 0.0012628091663275322
1568 6.002117120504379 0.0012626693920040426
1572 6.017418884992599 0.0012625300040601697
1576 6.03272064948082 0.0012623909995045255
1580 6.04802241396904 0.0012622523754257748
1584 6.06332417845726 0.001262114128991375
1588 6.0786259429454805 0.0012619762574463194
1592 6.093927707433701 0.0012618387581119178
1596 6.109229471921921 0.001261701628384512
1600 6.124531236410141 0.0012615648657342301
1604 6.139833000898361 0.0012614284677036974
1608 6.155134765386581 0.0012612924319067896
1615 6.181912853240966 0.0012610552339589827
1620 6.201040058851242 0.0012608864750980986
1625 6.220167264461518 0.0012607182683916597
1630 6.239294470071792 0.0012605506098527519
1635 6.258421675682068 0.001260383495648681
1640 6.2775488812923435 0.001260216922097018
1645 6.296676086902618 0.0012600508856616018
1650 6.315803292512894 0.0012598853829485395
1655 6.334930498123169 0.0012597204107022278
1660 6.354057703733444 0.001259555965801322
1665 6.37318490934372 0.0012593920452547733
1670 6.392312114953995 0.001259228646197783
1675 6.41143932056427 0.0012590657658878583
1680 6.4305665261745455 0.0012589034017007757
1685 6.44969373178482 0.0012587415511266515
1690 6.468820937395096 0.00125858021176595
1695 6.487948143005371 0.0012584193813255434
1700 6.507075348615646 0.0012582590576147913
1705 6.526202554225922 0.001258099238541622
1710 6.545329759836197 0.0012579399221086666
1715 6.564456965446472 0.001257781106409381
1720 6.5835841710567475 0.0012576227896242483
1725 6.602711376667023 0.0012574649700169839
1730 6.621838582277298 0.0012573076459307545
1735 6.640965787887573 0.0012571508157845051
1740 6.660092993497848 0.00125699447806925
1745 6.679220199108124 0.0012568386313444664
1750 6.698347404718399 0.001256683274234492
1755 6.717474610328674 0.001256528405424995
1760 6.73660181593895 0.001256374023659537
1765 6.755729021549225 0.0012562201277360732
1770 6.7748562271595 0.0012560667165036484
1775 6.7939834327697755 0.0012559137888590525
1780 6.813110638380051 0.0012557613437436017
1785 6.832237843990326 0.0012556093801399156
1790 6.851365049600601 0.0012554578970688452
1794 6.866666814088822 0.0012553370559599893
1800 6.889619460821152 0.0012551563687807194
1806 6.9125721075534825 0.001254976369626573
1812 6.9355247542858125 0.0012547970570222476
1818 6.9584774010181425 0.001254618429540443
1824 6.981430047750473 0.0012544404857952071
1830 7.004382694482803 0.001254263224435571
1836 7.027335341215133 0.0012540866441394028
1842 7.050287987947464 0.0012539107436074623
1848 7.073240634679794 0.0012537355215577605
1854 7.096193281412124 0.0012535609767201192
1860 7.119145928144455 0.0012533871078309836
1866 7.142098574876785 0.0012532139136284916
1872 7.165051221609116 0.0012530413928477772
1878 7.188003868341446 0.0012528695442165483
1884 7.210956515073776 0.0012526983664508666
1890 7.233909161806107 0.0012525278582512333
1896 7.256861808538437 0.0012523580182988482
1902 7.279814455270767 0.0012521888452521571
1908 7.302767102003098 0.0012520203377436548
1914 7.325719748735428 0.001251852494376857
1920 7.348672395467759 0.001251685313723581
1926 7.371625042200089 0.0012515187943214154
1932 7.394577688932419 0.0012513529346714258
1938 7.4175303356647495 0.0012511877332360558
1944 7.4404829823970795 0.0012510231884372929
1953 7.474911952495575 0.0012507775988768862
1960 7.501690040349961 0.0012505876000711627
1967 7.528468128204346 0.0012503984866389579
1974 7.555246216058731 0.0012502102557388486
1981 7.5820243039131165 0.0012500229044418321
1988 7.608802391767502 0.001249836429730132
1995 7.635580479621887 0.00124965082849655
2002 7.662358567476272 0.001249466097544111
2009 7.689136655330658 0.0012492822335861554
2016 7.715914743185043 0.0012490992332467668
2023 7.742692831039429 0.00124891709306155
2030 7.7694709188938145 0.0012487358094787104
2037 7.7962490067482 0.001248555378860442
2044 7.823027094602585 0.0012483757974845865
2051 7.84980518245697 0.00124819706154657
2058 7.876583270311356 0.0012480191671615203
2065 7.903361358165741 0.0012478421103666486
2072 7.930139446020126 0.001247665887123808
2079 7.9569175338745115 0.0012474904933222376
2088 7.991346503973007 0.0012472661990412487
2096 8.021950032949448 0.0012470679642927892
2104 8.052553561925889 0.0012468707938188002
2112 8.08315709090233 0.0012466746810515423
2120 8.11376061987877 0.0012464796193293966
2128 8.144364148855209 0.0012462856019035697
2136 8.17496767783165 0.0012460926219448856
2144 8.20557120680809 0.0012459006725506633
2152 8.23617473578453 0.001245709746751619
2160 8.26677826476097 0.0012455198375187781
2168 8.297381793737411 0.0012453309377703252
2176 8.327985322713852 0.0012451430403784152
2184 8.358588851690293 0.0012449561381759088
2192 8.389192380666733 0.0012447702239630064
2205 8.438923115253449 0.0012444702019329809
2214 8.473352085351944 0.00124426399513795
2223 8.50778105545044 0.0012440590043659697
2232 8.542210025548934 0.0012438552192675077
2241 8.57663899564743 0.0012436526294980017
2250 8.611067965745926 0.001243451224727653
2259 8.645496935844422 0.0012432509946507186
2268 8.679925905942916 0.001243051928994376
2277 8.714354876041412 0.0012428540175270983
2286 8.748783846139908 0.0012426572500665734
2295 8.783212816238404 0.0012424616164871077
2310 8.84059443306923 0.0012421380529592555
2320 8.878848844289779 0.0012419240554355712
2330 8.91710325551033 0.001241711411313873
2340 8.955357666730881 0.0012415001072018281
2350 8.99361207795143 0.001241290129844931
2360 9.031866489171982 0.0012410814661334409
2370 9.070120900392533 0.0012408741031084886
2380 9.108375311613083 0.0012406680279673794
2390 9.146629722833634 0.001240463228068106
2409 9.219313104152679 0.0012400775769972907
2420 9.261392956495285 0.0012398563558855818
2431 9.30347280883789 0.0012396366186555616
2442 9.345552661180497 0.0012394183496185023
2453 9.387632513523101 0.001239201533339361
2464 9.429712365865708 0.0012389861546366501
2475 9.471792218208313 0.0012387721985814772
2486 9.513872070550919 0.0012385596504957122
2496 9.552126481771468 0.0012383676346077747
2508 9.59803177523613 0.0012381387207578629
2520 9.64393706870079 0.001237911431864343
2532 9.689842362165452 0.0012376857501457462
2544 9.735747655630112 0.0012374616581485246
2556 9.781652949094772 0.0012372391387388292
2574 9.850510889291764 0.0012369082715084523
2587 9.900241623878479 0.0012366714574894829
2600 9.949972358465194 0.0012364364199437593
2613 9.999703093051911 0.0012362031388122585
2626 10.049433827638627 0.0012359715944003662
2639 10.099164562225342 0.001235741767362196
2646 10.125942650079727 0.0012356187190032393
2660 10.179498825788498 0.0012353740878480947
2674 10.233055001497268 0.0012351313915431772
2688 10.286611177206039 0.0012348906073501602
2702 10.34016735291481 0.0012346517129016368
2715 10.389898087501527 0.0012344315551840771
2730 10.447279704332352 0.001234179505494841
2745 10.504661321163178 0.001233929550440845
2760 10.562042937994004 0.001233681664092476
2784 10.653853524923324 0.0012332892851343628
2800 10.715060582876205 0.0012330305540515858
2816 10.776267640829087 0.0012327740717794978
2832 10.837474698781968 0.0012325198086330055
2839 10.864252786636353 0.0012324092588056848
2856 10.929285285711288 0.00123214251063916
2873 10.994317784786224 0.0012318781854445068
2890 11.05935028386116 0.0012316162488852178
2898 11.089953812837601 0.0012314938014358757
2916 11.158811753034591 0.0012312201829577894
2934 11.227669693231583 0.0012309491466040176
2964 11.342432926893235 0.0012305030502950127
2983 11.41511630821228 0.001230224093591374
3000 11.480148807287216 0.0012299768034995406
3020 11.556657629728317 0.0012296886129723533
3040 11.633166452169418 0.0012294033339984487
3066 11.73262792134285 0.0012290367391573985
3087 11.812962184906006 0.0012287440948699638
3102 11.870343801736832 0.0012285369162685139
3124 11.954503506422043 0.0012282357982350157
3151 12.057790416717529 0.0012278706163882868
3174 12.145775562524795 0.001227563251241703
3192 12.214633502721787 0.0012273250383921857
3216 12.306444089651109 0.0012270105435325666
3225 12.340873059749603 0.00122689351297991
3250 12.43650908780098 0.0012265709702117343
3276 12.53597055697441 0.0012262394150037528
3321 12.708115407466888 0.0012256746516411668
3360 12.857307611227036 0.0012251941717596252
3393 12.983547168254852 0.0012247938785338508
3420 13.08683407855034 0.0012244705004795119
3441 13.167168342113495 0.0012242214885788323
3488 13.346964074850083 0.0012236718712891105
3536 13.530585248708725 0.0012231211288248293
3570 13.660650246858596 0.0012227372148919562
3600 13.775413480520248 0.0012224025825764884
3626 13.87487494969368 0.0012221156008598332
3648 13.959034654378891 0.0012218749169671081
3666 14.027892594575881 0.001221679428079124
3731 14.27654626750946 0.0012209839106847324
3784 14.479294646978378 0.0012204284029571839
3825 14.636137732982636 0.001220005513195264
3854 14.747075525522233 0.0012197098852266572
3888 14.877140523672104 0.00121936687418909
3975 15.209953901290893 0.0012185061986191503
3996 15.290288164854049 0.0012183020077948562
4015 15.362971546173096 0.0012181184263573438
4032 15.428004045248032 0.0012179550957804799
4047 15.485385662078858 0.0012178117007499599
4158 15.910009626626968 0.0012167710937077583
4221 16.151012417316437 0.0012161961500200468
4368 16.713352262258528 0.0012148973163596851
4488 17.172405196905135 0.0012138804516215035
4560 17.4478369576931 0.0012132888451025386
4756 18.19762341761589 0.0012117484386345648
4998 19.123380169153215 0.0012099877229553057
5191 19.86169030570984 0.0012086941248301752
5236 20.033835156202315 0.0012084062952655782
5330 20.39342662167549 0.0012078214021637049
5375 20.565571472167967 0.0012075490664879315
5424 20.753018087148668 0.0012072580301810683
8340 31.908004399061202 0.0011957047363158008
9999 38.25441122055054 0.0011898200022914703
