N_iter t trunc_error
0 0.04497187954562527 0.0013609042476923877
1 0.08994375909125055 0.001343610123549354
2 0.13491563863687583 0.0013265684131308826
3 0.1798875181825011 0.0013078527264448895
4 0.22485939772812635 0.0012949214268685092
5 0.26983127727375167 0.0012878776197655884
6 0.31480315681937693 0.0012799823292772303
7 0.3597750363650022 0.0012718499950529177
8 0.40474691591062745 0.001261768438897411
9 0.4497187954562527 0.0012548464555703286
10 0.494690675001878 0.0012483637178172951
11 0.5396625545475033 0.0012383768358301542
12 0.5846344340931285 0.0012357828361544412
13 0.6296063136387539 0.001215761690312536
14 0.6745781931843791 0.0012127090163725788
15 0.7195500727300044 0.0012098560553266806
16 0.7645219522756297 0.001209017541691015
17 0.8094938318212549 0.0011950741083021118
18 0.8544657113668802 0.001189095284478436
19 0.8994375909125054 0.0011876028749165878
20 0.9444094704581307 0.0011850219287367345
21 0.989381350003756 0.0011842727899973845
22 1.0343532295493814 0.0011714520510168018
23 1.0793251090950067 0.0011698885034122745
24 1.1242969886406318 0.001168978504341585
25 1.169268868186257 0.0011685264324751015
26 1.2142407477318824 0.0011668042323295885
27 1.2592126272775077 0.0011664492381867197
28 1.304184506823133 0.001149299909357921
29 1.3491563863687581 0.001143958244340185
30 1.3941282659143834 0.0011420300355926558
31 1.4391001454600088 0.0011409775089393278
32 1.484072025005634 0.0011392205799237154
33 1.5290439045512594 0.0011384616823562523
34 1.5740157840968845 0.0011349031221793491
35 1.6189876636425098 0.0011339000453083705
36 1.663959543188135 0.0011330580261687663
37 1.7089314227337604 0.00113235124554591
38 1.7539033022793857 0.001131455368126084
39 1.7988751818250108 0.0011310451147199738
40 1.8438470613706361 0.001130727029958611
41 1.8888189409162615 0.0011304250731591636
42 1.9337908204618868 0.0011301579110344962
43 1.978762700007512 0.001127646971679955
44 2.023734579553137 0.0011271651441554155
45 2.0687064590987627 0.0011268717035984542
46 2.113678338644388 0.0011266710618724166
47 2.1586502181900133 0.0011265087823634317
48 2.2036220977356384 0.0011223078041574833
49 2.2485939772812635 0.0011217412915711597
50 2.293565856826889 0.0011213250202254247
51 2.338537736372514 0.0011211347546658966
52 2.3835096159181397 0.0011209677973895776
53 2.428481495463765 0.001120834038941947
54 2.47345337500939 0.001120162162661651
55 2.5184252545550154 0.0011200159848423514
56 2.5633971341006405 0.0011161747455439718
57 2.608369013646266 0.0011158406048564814
58 2.653340893191891 0.0011156964978713483
59 2.6983127727375162 0.0011154778411807365
60 2.7432846522831418 0.0011154182576085879
61 2.788256531828767 0.0011154182576085879
62 2.8332284113743924 0.0011154182576085879
63 2.8782002909200175 0.0011154182576085879
64 2.9231721704656426 0.0011154182576085879
65 2.968144050011268 0.0011152312097366566
66 3.0131159295568932 0.0011151068333456115
67 3.0580878091025188 0.0011151068333456115
68 3.103059688648144 0.0011150459003956207
69 3.148031568193769 0.001114882454039302
70 3.1930034477393945 0.001114882454039302
71 3.2379753272850196 0.0011147724110138295
72 3.282947206830645 0.0011147229248236912
73 3.32791908637627 0.0011145280737794429
74 3.3728909659218953 0.001114460202063395
75 3.417862845467521 0.0011142609721948948
76 3.462834725013146 0.001114133843059198
77 3.5078066045587715 0.0011140873252665797
78 3.5527784841043966 0.0011140593819822025
79 3.5977503636500217 0.0011140593819822025
80 3.642722243195647 0.0011139542140133699
81 3.6876941227412723 0.0011138996599106886
82 3.732666002286898 0.001113785932090635
83 3.777637881832523 0.0011135858353434702
84 3.8226097613781485 0.0011135222898412836
85 3.8675816409237735 0.0011134937672345661
86 3.9125535204693986 0.001113222200734487
87 3.957525400015024 0.0011130089180861375
88 4.002497279560649 0.0011128462505454943
89 4.047469159106274 0.0011128462505454943
90 4.0924410386518995 0.0011125408531125155
91 4.137412918197525 0.0011123959120308247
92 4.1823847977431505 0.001112349197430969
93 4.227356677288776 0.001112328102203983
94 4.272328556834401 0.001112328102203983
95 4.317300436380027 0.0011122422076910487
96 4.362272315925652 0.0011122034292316437
97 4.407244195471277 0.0011122034292316437
98 4.452216075016902 0.0011121167763098972
99 4.497187954562527 0.0011120645521968218
100 4.542159834108153 0.001112043706956368
101 4.587131713653778 0.0011119753053534095
102 4.632103593199403 0.0011119083222382476
103 4.677075472745028 0.0011116576605165202
104 4.722047352290653 0.0011114564664990393
105 4.767019231836279 0.0011114076411021833
106 4.8119911113819045 0.0011113874547815188
107 4.85696299092753 0.0011113874547815188
108 4.901934870473155 0.0011112919307421656
109 4.94690675001878 0.0011112555809004235
110 4.991878629564406 0.0011112387965982005
111 5.036850509110031 0.0011110772934001104
112 5.081822388655656 0.001111033161015875
113 5.126794268201281 0.001111033161015875
114 5.171766147746906 0.001110962304008225
115 5.216738027292532 0.0011108974976970652
116 5.261709906838157 0.0011108370421486382
117 5.306681786383782 0.0011106889699234407
118 5.351653665929407 0.0011105041956311623
119 5.3966255454750325 0.0011104563662889012
120 5.4415974250206585 0.0011104278853367574
121 5.4865693045662836 0.0011104078038459452
122 5.531541184111909 0.0011103917555391194
123 5.576513063657534 0.0011101390931960232
124 5.621484943203159 0.0011100455912541139
125 5.666456822748785 0.0011100045686620165
126 5.71142870229441 0.0011099851937107802
127 5.756400581840035 0.0011087643948016275
128 5.80137246138566 0.001108517245090993
129 5.846344340931285 0.001108410068197919
130 5.891316220476911 0.0011083560362800792
131 5.936288100022536 0.0011082187783761585
132 5.981259979568161 0.001108195006692307
133 6.0262318591137864 0.0011081722375443795
134 6.0712037386594115 0.0011081722375443795
135 6.1161756182050375 0.0011081722375443795
136 6.161147497750663 0.0011080889436302268
137 6.206119377296288 0.0011079678483594813
138 6.251091256841913 0.0011079470427442918
139 6.296063136387538 0.00110793218749719
140 6.341035015933164 0.0011077885606635915
141 6.386006895478789 0.0011077140906888094
142 6.430978775024414 0.0011077140906888094
143 6.475950654570039 0.001107615576920302
144 6.520922534115664 0.0011075119136616251
145 6.56589441366129 0.0011074747110690912
146 6.610866293206915 0.0011074543459487838
147 6.65583817275254 0.0011074373938497648
148 6.7008100522981655 0.0011074236510708183
149 6.745781931843791 0.0011072495990051062
150 6.790753811389417 0.0011072117301238965
151 6.835725690935042 0.0011071911359617258
152 6.880697570480667 0.0011071771667944448
153 6.925669450026292 0.0011071771667944448
154 6.970641329571917 0.0011070243133471755
155 7.015613209117543 0.0011069927184547846
156 7.060585088663168 0.0011069643727539167
157 7.105556968208793 0.0011069497559121546
158 7.150528847754418 0.0011067114353762288
159 7.195500727300043 0.0011064366495356403
160 7.240472606845669 0.0011063801918209358
161 7.285444486391294 0.0011063459717965156
162 7.3304163659369195 0.0011063254739163435
163 7.375388245482545 0.0011063254739163435
164 7.4203601250281706 0.0011062288349242947
165 7.465332004573796 0.0011061707530529037
166 7.510303884119421 0.0011061420092440455
167 7.555275763665046 0.0011061234133373777
168 7.600247643210671 0.0011061061979940796
169 7.645219522756297 0.0011058957285569357
170 7.690191402301922 0.0011058449218002162
171 7.735163281847547 0.0011058124002848758
172 7.780135161393172 0.0011057972528371038
173 7.825107040938797 0.0011057800138573218
174 7.870078920484423 0.0011057800138573218
175 7.915050800030048 0.0011055860549725276
176 7.960022679575673 0.0011055469751012072
177 8.004994559121299 0.0011055180300869258
178 8.049966438666925 0.0011055035968363287
179 8.094938318212549 0.0011053614244076213
180 8.139910197758175 0.001105049728075763
181 8.184882077303799 0.0011050082918035889
182 8.229853956849425 0.0011049792994127848
183 8.27482583639505 0.0011049656362496054
184 8.319797715940675 0.0011049656362496054
185 8.364769595486301 0.001104898454593407
186 8.409741475031925 0.0011048340270048646
187 8.454713354577551 0.0011047455721426612
188 8.499685234123177 0.0011045812808645973
189 8.544657113668801 0.0011045354930794562
190 8.589628993214427 0.0011044749284545583
191 8.634600872760053 0.0011044540539808516
192 8.679572752305678 0.0011044540539808516
193 8.724544631851304 0.0011043714791580425
194 8.769516511396928 0.0011043182209407977
195 8.814488390942554 0.0011043013384500536
196 8.85946027048818 0.0011041515676198518
197 8.904432150033804 0.0011040637475511893
198 8.94940402957943 0.0011040421441363849
199 8.994375909125054 0.0011040421441363849
200 9.03934778867068 0.0011040421441363849
201 9.084319668216306 0.001104007740915193
202 9.12929154776193 0.0011039810432995076
203 9.174263427307556 0.0011039272914819306
204 9.21923530685318 0.0011038830196830121
205 9.264207186398806 0.0011037505837845803
206 9.309179065944432 0.0011036746407981418
207 9.354150945490057 0.0011035824282928466
208 9.399122825035683 0.0011033901576056175
209 9.444094704581307 0.0011033378657862953
210 9.489066584126933 0.0011033252600674733
211 9.534038463672559 0.0011031099903005962
212 9.579010343218183 0.0011026717649817224
213 9.623982222763809 0.001102531845292503
214 9.668954102309433 0.001102472531810913
215 9.71392598185506 0.0011024405184175898
216 9.758897861400685 0.0011024199384091025
217 9.80386974094631 0.0011023430683577652
218 9.848841620491935 0.0011023430683577652
219 9.89381350003756 0.0011021660864532295
220 9.938785379583186 0.0011020523806500873
221 9.983757259128812 0.0011019623689316137
222 10.028729138674436 0.0011018120183326238
223 10.073701018220062 0.0011013777609887676
224 10.118672897765686 0.0011012597253070677
225 10.163644777311312 0.0011012191404447622
226 10.208616656856938 0.001101119136528727
227 10.253588536402562 0.0011010999285328777
228 10.298560415948188 0.0011010853698963975
229 10.343532295493812 0.0011010853698963975
230 10.388504175039438 0.0011010853698963975
231 10.433476054585064 0.001101029518922794
232 10.478447934130688 0.0011010154932503283
233 10.523419813676314 0.0011008662244630385
234 10.568391693221939 0.001100838275545299
235 10.613363572767565 0.001100824333000791
236 10.65833545231319 0.001100824333000791
237 10.703307331858815 0.0011007759772054674
238 10.74827921140444 0.0011007431691851192
239 10.793251090950065 0.001100699705125744
240 10.838222970495691 0.0011006679383687042
241 10.883194850041317 0.001100557296802417
242 10.928166729586941 0.0011005320529294375
243 10.973138609132567 0.0011005194282296682
244 11.018110488678191 0.0011005194282296682
245 11.063082368223817 0.0011004752640581688
246 11.108054247769443 0.0011004587981895092
247 11.153026127315067 0.001100449446126575
248 11.197998006860693 0.0011004043526032638
249 11.242969886406318 0.0011003628737384975
250 11.287941765951944 0.0011003628737384975
251 11.33291364549757 0.0011003374617112563
252 11.377885525043194 0.0011003113089636375
253 11.42285740458882 0.0011002782510573952
254 11.467829284134444 0.0011002663351557707
255 11.51280116368007 0.0011002579110769922
256 11.557773043225696 0.001100250811823732
257 11.60274492277132 0.0011002042768563929
258 11.647716802316946 0.0011001623331718304
259 11.69268868186257 0.0011001172771531913
260 11.737660561408196 0.0010999146032388077
261 11.782632440953822 0.0010998535082606604
262 11.827604320499447 0.0010998270567434756
263 11.872576200045073 0.0010997809337464199
264 11.917548079590697 0.0010995747485018097
265 11.962519959136323 0.0010993367008728938
266 12.007491838681949 0.0010992682334522246
267 12.052463718227573 0.0010992392491683295
268 12.097435597773199 0.001099191512609035
269 12.142407477318823 0.0010991829252022995
270 12.187379356864449 0.0010991768512554848
271 12.232351236410075 0.0010991768512554848
272 12.2773231159557 0.0010989741861066242
273 12.322294995501325 0.0010988493420116714
274 12.36726687504695 0.0010988102237019643
275 12.412238754592575 0.001098791147155942
276 12.457210634138201 0.0010987780770217927
277 12.502182513683826 0.0010987687558375603
278 12.547154393229452 0.001098760221324929
279 12.592126272775076 0.001098760221324929
280 12.637098152320702 0.0010987093947450923
281 12.682070031866328 0.0010986823487973284
282 12.727041911411952 0.0010986823487973284
283 12.772013790957578 0.0010986594195041058
284 12.816985670503202 0.0010986276568272335
285 12.861957550048828 0.001098581480080768
286 12.906929429594454 0.0010985431219792164
287 12.951901309140078 0.0010985431219792164
288 12.996873188685704 0.0010985431219792164
289 13.041845068231328 0.001098540387657207
290 13.086816947776954 0.0010985319009787615
291 13.13178882732258 0.0010985281009369824
292 13.176760706868205 0.0010985149155882522
293 13.22173258641383 0.0010985033615153834
294 13.266704465959455 0.0010984871969239828
295 13.31167634550508 0.0010984327360814422
296 13.356648225050707 0.0010984169959664279
297 13.401620104596331 0.00109831876901053
298 13.446591984141957 0.0010982464968076683
299 13.491563863687581 0.0010982374352980378
300 13.536535743233207 0.0010982312526680539
301 13.581507622778833 0.0010980655043649158
302 13.626479502324457 0.0010979570575657563
303 13.671451381870083 0.0010979272266372472
304 13.716423261415708 0.0010979151267483406
305 13.761395140961334 0.0010977345722541232
306 13.80636702050696 0.0010974783556116515
307 13.851338900052584 0.0010974474639985825
308 13.89631077959821 0.0010974302608427158
309 13.941282659143834 0.001097417846016548
310 13.98625453868946 0.0010974075994494054
311 14.031226418235086 0.0010974075994494054
312 14.07619829778071 0.001097302660218063
313 14.121170177326336 0.0010971313000774805
314 14.16614205687196 0.0010971013853727583
315 14.211113936417586 0.001097086720779888
316 14.256085815963212 0.0010969290977715202
317 14.301057695508836 0.0010966060952267253
318 14.346029575054462 0.0010965456628833912
319 14.391001454600087 0.0010965192072274724
320 14.435973334145713 0.001096391413693486
321 14.480945213691339 0.001096391413693486
322 14.525917093236963 0.001096391413693486
323 14.570888972782589 0.001096391413693486
324 14.615860852328215 0.0010963840542559885
325 14.660832731873839 0.0010963633441573423
326 14.705804611419465 0.0010963298273072525
327 14.75077649096509 0.001096304280445765
328 14.795748370510715 0.001096264445453198
329 14.840720250056341 0.001096256422160238
330 14.885692129601965 0.0010961055756887402
331 14.930664009147591 0.0010960570678853207
332 14.975635888693215 0.001095986820909437
333 15.020607768238841 0.001095804233438517
334 15.065579647784467 0.0010957610289334591
335 15.110551527330092 0.0010957444239825221
336 15.155523406875718 0.0010957325895712686
337 15.200495286421342 0.0010952629150699214
338 15.245467165966968 0.0010950712656473327
339 15.290439045512594 0.0010950226874783433
340 15.335410925058218 0.0010949999860745258
341 15.380382804603844 0.0010949232967645854
342 15.425354684149468 0.0010943239047705759
343 15.470326563695094 0.0010937977835998839
344 15.51529844324072 0.001093653534176635
345 15.560270322786344 0.001093591923901399
346 15.60524220233197 0.0010935555043973398
347 15.650214081877595 0.0010935296807224315
348 15.69518596142322 0.0010935095971491826
349 15.740157840968847 0.0010934946134425647
350 15.78512972051447 0.001093385038662319
351 15.830101600060097 0.00109333143896786
352 15.875073479605721 0.00109333143896786
353 15.920045359151347 0.0010931519174508558
354 15.965017238696973 0.001092789362657809
355 16.009989118242597 0.0010926747642413391
356 16.05496099778822 0.0010925876188754768
357 16.09993287733385 0.001092568272330124
358 16.144904756879473 0.0010925589846166102
359 16.189876636425097 0.0010925511269408307
360 16.234848515970725 0.0010925511269408307
361 16.27982039551635 0.001092373295398359
362 16.324792275061974 0.0010923257528217794
363 16.369764154607598 0.0010922374437350945
364 16.414736034153226 0.001092225052545223
365 16.45970791369885 0.001092225052545223
366 16.504679793244474 0.001092144047954826
367 16.5496516727901 0.0010920482196989751
368 16.594623552335726 0.0010920129448210377
369 16.63959543188135 0.0010919964119030041
370 16.684567311426978 0.0010919853762690992
371 16.729539190972602 0.0010919775188164005
372 16.774511070518226 0.0010919775188164005
373 16.81948295006385 0.0010919321664747386
374 16.86445482960948 0.0010919201184640577
375 16.909426709155102 0.001091862564373527
376 16.954398588700727 0.001091816095456386
377 16.999370468246354 0.001091795070527029
378 17.04434234779198 0.0010917538416160397
379 17.089314227337603 0.00109143756066596
380 17.13428610688323 0.0010913286164030318
381 17.179257986428855 0.001091298959476758
382 17.22422986597448 0.00109128963954606
383 17.269201745520107 0.00109128963954606
384 17.31417362506573 0.0010911469376319888
385 17.359145504611355 0.0010911043734209843
386 17.40411738415698 0.0010910834827072599
387 17.449089263702607 0.0010910706441141886
388 17.49406114324823 0.0010910609442321526
389 17.539033022793856 0.0010910529462655378
390 17.584004902339483 0.001090992661311714
391 17.628976781885108 0.0010907611836500674
392 17.67394866143073 0.0010907081039883198
393 17.71892054097636 0.001090629271292107
394 17.763892420521984 0.0010906189391522514
395 17.808864300067608 0.0010903949441711759
396 17.853836179613232 0.001089935951611439
397 17.89880805915886 0.0010898508634832815
398 17.943779938704484 0.0010898085989906273
399 17.98875181825011 0.001089780088637172
400 18.033723697795736 0.0010897578998354223
401 18.07869557734136 0.0010897400862885966
402 18.123667456886984 0.0010897255198835673
403 18.168639336432612 0.0010896344565197733
404 18.213611215978236 0.0010896191262899319
405 18.25858309552386 0.0010896085697202824
406 18.303554975069485 0.001089138321357735
407 18.348526854615113 0.0010886580758644236
408 18.393498734160737 0.0010885584953369578
409 18.43847061370636 0.0010884617602151903
410 18.48344249325199 0.001088439235159135
411 18.528414372797613 0.0010883440730989134
412 18.573386252343237 0.0010883202017728053
413 18.618358131888865 0.0010883108838642766
414 18.66333001143449 0.0010883108838642766
415 18.708301890980113 0.0010882152856988802
416 18.753273770525738 0.0010877940967789037
417 18.798245650071365 0.0010876975878096316
418 18.84321752961699 0.0010876497536196547
419 18.888189409162614 0.0010876152512809116
420 18.93316128870824 0.001087591507142316
421 18.978133168253866 0.0010875699221989461
422 19.02310504779949 0.0010874730346042887
423 19.068076927345118 0.0010874730346042887
424 19.113048806890742 0.0010874730346042887
425 19.158020686436366 0.0010874730346042887
426 19.20299256598199 0.001087457703423248
427 19.247964445527618 0.0010874476722498253
428 19.292936325073242 0.0010874116736046572
429 19.337908204618866 0.00108739867930053
430 19.382880084164494 0.001087358503612115
431 19.42785196371012 0.0010873329956019946
432 19.472823843255743 0.0010872210268240408
433 19.51779572280137 0.0010871191991627344
434 19.562767602346995 0.0010870986850768888
435 19.60773948189262 0.0010870905965435465
436 19.652711361438243 0.0010870905965435465
437 19.69768324098387 0.0010870464984365925
438 19.742655120529495 0.001087020262523328
439 19.78762700007512 0.0010869999495719022
440 19.832598879620747 0.0010868703594882915
441 19.87757075916637 0.0010868452673959334
442 19.922542638711995 0.0010868359319358904
443 19.967514518257623 0.0010868290794198265
444 20.012486397803247 0.0010868228637093875
445 20.05745827734887 0.0010868168222763698
446 20.102430156894496 0.0010866773634875357
447 20.147402036440123 0.0010866020677529281
448 20.192373915985748 0.0010866020677529281
449 20.237345795531372 0.0010864998426283812
450 20.282317675077 0.0010864323225043355
451 20.327289554622624 0.00108640867050307
452 20.372261434168248 0.0010863943700032094
453 20.417233313713876 0.0010863844046446922
454 20.4622051932595 0.0010861951069938021
455 20.507177072805124 0.0010860671519548658
456 20.55214895235075 0.0010859638967783331
457 20.597120831896376 0.0010859397551878126
458 20.642092711442 0.0010859286722422262
459 20.687064590987625 0.0010859286722422262
460 20.732036470533252 0.001085878866828192
461 20.777008350078876 0.0010858143070731218
462 20.8219802296245 0.001085801113620064
463 20.86695210917013 0.0010857932428235601
464 20.911923988715753 0.0010857932428235601
465 20.956895868261377 0.0010857465516600894
466 21.001867747807 0.0010857359500098017
467 21.04683962735263 0.001085646529669845
468 21.091811506898253 0.0010856301441433906
469 21.136783386443877 0.0010856201146787704
470 21.181755265989505 0.0010854845817710173
471 21.22672714553513 0.0010854457094360487
472 21.271699025080753 0.0010853996534739155
473 21.31667090462638 0.0010853871007632202
474 21.361642784172005 0.001085380369251098
475 21.40661466371763 0.001085132075388336
476 21.451586543263254 0.0010848401381395771
477 21.49655842280888 0.0010847701843096538
478 21.541530302354506 0.001084741800721944
479 21.58650218190013 0.0010846924841303855
480 21.631474061445758 0.0010846829879634496
481 21.676445940991382 0.0010846763357867805
482 21.721417820537006 0.0010841572205983914
483 21.766389700082634 0.0010834518391833856
484 21.811361579628258 0.001083143112198298
485 21.856333459173882 0.001083093526628373
486 21.901305338719506 0.0010830651166049067
487 21.946277218265134 0.0010830462145568116
488 21.99124909781076 0.0010830296292751662
489 22.036220977356383 0.0010830163288244484
490 22.08119285690201 0.0010830045735599973
491 22.126164736447635 0.001082927823348375
492 22.17113661599326 0.0010829192094486302
493 22.216108495538887 0.0010829192094486302
494 22.26108037508451 0.0010827851279881257
495 22.306052254630135 0.0010823395629804941
496 22.35102413417576 0.0010822462079373792
497 22.395996013721387 0.0010822058554836248
498 22.44096789326701 0.001082178594697675
499 22.485939772812635 0.0010821586927791313
500 22.530911652358263 0.0010821440513545128
501 22.575883531903887 0.0010820677552599723
502 22.62085541144951 0.0010820677552599723
503 22.66582729099514 0.0010820198477374664
504 22.710799170540763 0.0010818344070963521
505 22.755771050086388 0.001081787620236962
506 22.800742929632012 0.0010817648530996834
507 22.84571480917764 0.0010817489463419904
508 22.890686688723264 0.0010817370101651048
509 22.935658568268888 0.001081727170501802
510 22.980630447814516 0.0010816682266384138
511 23.02560232736014 0.0010816609866160971
512 23.070574206905764 0.0010816552385677926
513 23.115546086451392 0.0010816552385677926
514 23.160517965997016 0.001081593649612037
515 23.20548984554264 0.0010815652444337858
516 23.250461725088268 0.0010815260819056693
517 23.295433604633892 0.001081503695633871
518 23.340405484179517 0.0010814591604279156
519 23.38537736372514 0.0010812495108260454
520 23.43034924327077 0.0010812162720263928
521 23.475321122816393 0.0010811900180206539
522 23.520293002362017 0.001080752978304761
523 23.565264881907645 0.0010805802580384721
524 23.61023676145327 0.0010805444338642825
525 23.655208640998893 0.0010805310109047327
526 23.70018052054452 0.0010805029201508072
527 23.745152400090145 0.0010804809846756305
528 23.79012427963577 0.001079293713415467
529 23.835096159181393 0.0010791149912363414
530 23.88006803872702 0.001079065429184783
531 23.925039918272645 0.001079038634537043
532 23.97001179781827 0.0010790200167027741
533 24.014983677363897 0.0010790049787569036
534 24.05995555690952 0.0010789926391076207
535 24.104927436455146 0.0010789077816858485
536 24.149899316000774 0.001078895161750602
537 24.194871195546398 0.0010788874836206927
538 24.239843075092022 0.0010788821899860327
539 24.284814954637646 0.0010788775262654596
540 24.329786834183274 0.0010788775262654596
541 24.374758713728898 0.0010788775262654596
542 24.419730593274522 0.0010788291181018919
543 24.46470247282015 0.0010788079999536904
544 24.509674352365774 0.001078631552068458
545 24.5546462319114 0.001078517267571546
546 24.599618111457026 0.0010784850944008566
547 24.64458999100265 0.001078423548402582
548 24.689561870548275 0.001078414911342509
549 24.7345337500939 0.001078414911342509
550 24.779505629639527 0.001078414911342509
551 24.82447750918515 0.00107840166912284
552 24.869449388730775 0.0010783867317159385
553 24.914421268276403 0.0010783867317159385
554 24.959393147822027 0.001078376446148924
555 25.00436502736765 0.0010783660775383213
556 25.04933690691328 0.0010783455682977293
557 25.094308786458903 0.0010783295893745332
558 25.139280666004527 0.0010783239915320235
559 25.18425254555015 0.0010783239915320235
560 25.22922442509578 0.0010783086289744964
561 25.274196304641404 0.0010783086289744964
562 25.319168184187028 0.001078302694280037
563 25.364140063732656 0.0010782992360866034
564 25.40911194327828 0.0010782828373599599
565 25.454083822823904 0.001078279299042441
566 25.49905570236953 0.001078254818486444
567 25.544027581915156 0.0010782508449244874
568 25.58899946146078 0.0010782122102802637
569 25.633971341006404 0.001078205804956417
570 25.678943220552032 0.001078205804956417
571 25.723915100097656 0.0010781858636093433
572 25.76888697964328 0.0010781780743764865
573 25.813858859188908 0.0010781738558991887
574 25.858830738734532 0.001078149088915041
575 25.903802618280157 0.0010781102790571994
576 25.948774497825784 0.001078094101590982
577 25.99374637737141 0.001078094101590982
578 26.038718256917033 0.0010780814150707794
579 26.083690136462657 0.0010780625008304122
580 26.128662016008285 0.0010780586411084014
581 26.17363389555391 0.0010780367148156378
582 26.218605775099533 0.001078016956311982
583 26.26357765464516 0.001077943943716023
584 26.308549534190785 0.0010778889576743824
585 26.35352141373641 0.001077877850205491
586 26.398493293282037 0.0010777844735655948
587 26.44346517282766 0.0010776829432567541
588 26.488437052373285 0.0010776630093315722
589 26.53340893191891 0.0010776569127960356
590 26.578380811464537 0.0010776569127960356
591 26.62335269101016 0.0010776569127960356
592 26.668324570555786 0.001077633652633281
593 26.713296450101414 0.001077627914349086
594 26.758268329647038 0.0010776236388120536
595 26.803240209192662 0.0010776236388120536
596 26.84821208873829 0.0010776124531626419
597 26.893183968283914 0.0010776088315750533
598 26.938155847829538 0.0010776020698151237
599 26.983127727375162 0.00107757752652268
600 27.02809960692079 0.0010775326521709405
601 27.073071486466414 0.0010775186309199979
602 27.11804336601204 0.0010775186309199979
603 27.163015245557666 0.0010775047349257762
604 27.20798712510329 0.0010774919865882342
605 27.252959004648915 0.001077475633964418
606 27.297930884194543 0.0010774684800107506
607 27.342902763740167 0.0010774649161741435
608 27.38787464328579 0.0010774408200422598
609 27.432846522831415 0.001077427224294089
610 27.477818402377043 0.001077427224294089
611 27.522790281922667 0.0010774146632994961
612 27.56776216146829 0.0010774017405941532
613 27.61273404101392 0.0010773959004353182
614 27.657705920559543 0.0010773919508742934
615 27.702677800105167 0.0010773883318899332
616 27.747649679650795 0.0010773319443385671
617 27.79262155919642 0.0010773117483513694
618 27.837593438742044 0.0010772563795357851
619 27.882565318287668 0.0010771491843419476
620 27.927537197833296 0.001077134668230996
621 27.97250907737892 0.0010771274211138914
622 28.017480956924544 0.001077122786667133
623 28.06245283647017 0.001077122786667133
624 28.107424716015796 0.00107709775492418
625 28.15239659556142 0.0010770629163831763
626 28.197368475107048 0.0010770435303766362
627 28.242340354652672 0.0010770396797644636
628 28.287312234198296 0.0010769583995356928
629 28.33228411374392 0.0010769475768010574
630 28.37725599328955 0.0010769421536911835
631 28.422227872835172 0.0010769421536911835
632 28.467199752380797 0.001076909550361156
633 28.512171631926424 0.0010768957367473526
634 28.55714351147205 0.001076872353568065
635 28.602115391017673 0.0010768619967438222
636 28.6470872705633 0.00107685798552256
637 28.692059150108925 0.001076801567939408
638 28.73703102965455 0.0010767486170137326
639 28.782002909200173 0.001076731907729285
640 28.8269747887458 0.0010767232827631882
641 28.871946668291425 0.001076717533318992
642 28.91691854783705 0.0010766797520002948
643 28.961890427382677 0.0010766511016839736
644 29.0068623069283 0.001076413391112667
645 29.051834186473926 0.0010763571630223471
646 29.096806066019553 0.0010763421853729228
647 29.141777945565178 0.0010763178998512528
648 29.1867498251108 0.0010759617157272113
649 29.23172170465643 0.0010757407411840943
650 29.276693584202054 0.0010756982075555528
651 29.321665463747678 0.0010756788267435784
652 29.366637343293302 0.0010756347390686232
653 29.41160922283893 0.001075616208252501
654 29.456581102384554 0.001075616208252501
655 29.50155298193018 0.001075569356553186
656 29.546524861475806 0.0010754019723636307
657 29.59149674102143 0.0010753728182865655
658 29.636468620567054 0.0010753374164913729
659 29.681440500112682 0.0010753277519570616
660 29.726412379658306 0.0010753277519570616
661 29.77138425920393 0.0010753277519570616
662 29.816356138749555 0.0010753164316349777
663 29.861328018295183 0.0010752980118241874
664 29.906299897840807 0.0010752761535966389
665 29.95127177738643 0.001075252111037971
666 29.99624365693206 0.0010752433362678743
667 30.041215536477683 0.0010752313203310165
668 30.086187416023307 0.0010752277185929857
669 30.131159295568935 0.0010751649710145003
670 30.17613117511456 0.0010751321552702785
671 30.221103054660183 0.0010751228432706306
672 30.266074934205808 0.0010751193466562226
673 30.311046813751435 0.0010751193466562226
674 30.35601869329706 0.0010750970830527213
675 30.400990572842684 0.0010750864604004385
676 30.44596245238831 0.0010750822569414841
677 30.490934331933936 0.001075021620007526
678 30.53590621147956 0.0010749428199927288
679 30.580878091025188 0.0010749304800045849
680 30.625849970570812 0.001074915425618499
681 30.670821850116436 0.0010749110688015018
682 30.71579372966206 0.0010749110688015018
683 30.760765609207688 0.0010748809367061268
684 30.805737488753312 0.0010748624444949495
685 30.850709368298936 0.0010748567297904198
686 30.895681247844564 0.0010748157528395947
687 30.94065312739019 0.001074725726612772
688 30.985625006935813 0.0010747037422561732
689 31.03059688648144 0.0010746987306411693
690 31.075568766027065 0.0010746311398156451
691 31.12054064557269 0.0010745032158185033
692 31.165512525118313 0.0010744739344262391
693 31.21048440466394 0.0010744629827709555
694 31.255456284209565 0.0010744302085773708
695 31.30042816375519 0.0010744248857052134
696 31.345400043300817 0.0010744221450911587
697 31.39037192284644 0.0010744196867163035
698 31.435343802392065 0.0010743002561136956
699 31.480315681937693 0.0010741368051094343
700 31.525287561483317 0.00107408422205822
701 31.57025944102894 0.0010740526910530859
702 31.615231320574566 0.0010740383018836808
703 31.660203200120193 0.0010739864365740023
704 31.705175079665818 0.0010739864365740023
705 31.750146959211442 0.0010738630656811944
706 31.79511883875707 0.001073826905167061
707 31.840090718302694 0.0010738116841184035
708 31.885062597848318 0.0010738041152803047
709 31.930034477393946 0.0010738041152803047
710 31.97500635693957 0.0010738041152803047
711 32.019978236485194 0.0010737890473745766
712 32.06495011603082 0.0010737751252239737
713 32.10992199557644 0.0010737563655570383
714 32.15489387512207 0.0010737364059121037
715 32.1998657546677 0.001073732534593288
716 32.24483763421332 0.0010736425043649253
717 32.28980951375895 0.0010736027717352106
718 32.334781393304574 0.0010735969478114058
719 32.379753272850195 0.0010735769053967343
720 32.42472515239582 0.001073556225106176
721 32.46969703194145 0.0010734264220509293
722 32.51466891148707 0.0010733953779913789
723 32.5596407910327 0.0010733829831831565
724 32.60461267057833 0.0010733561781587442
725 32.64958455012395 0.001073153162504611
726 32.694556429669575 0.001072929190325217
727 32.739528309215196 0.001072889334194524
728 32.78450018876082 0.001072867329065546
729 32.82947206830645 0.0010728521720783128
730 32.87444394785207 0.0010728415433322322
731 32.9194158273977 0.0010728333293887205
732 32.96438770694333 0.0010728271601508597
733 33.00935958648895 0.0010728220651053978
734 33.054331466034576 0.0010728179915745117
735 33.0993033455802 0.0010728144134689263
736 33.144275225125824 0.0010728113722416105
737 33.18924710467145 0.0010728085567372888
738 33.23421898421708 0.0010728060329401516
739 33.2791908637627 0.001072803605056006
740 33.32416274330833 0.001072803605056006
741 33.369134622853956 0.001072803605056006
742 33.41410650239958 0.0010727787559838059
743 33.459078381945204 0.0010727744952479096
744 33.50405026149083 0.0010727724190185983
745 33.54902214103645 0.0010727706389255332
746 33.59399402058208 0.0010727689708044305
747 33.6389659001277 0.0010727286071169028
748 33.68393777967333 0.0010727196754637465
749 33.72890965921896 0.0010727196754637465
750 33.77388153876458 0.0010727196754637465
751 33.818853418310205 0.0010727135222260832
752 33.86382529785583 0.0010727099121577337
753 33.90879717740145 0.0010726937740777724
754 33.95376905694708 0.0010726886713590621
755 33.99874093649271 0.0010726557056814148
756 34.04371281603833 0.0010726473867958474
757 34.08868469558396 0.0010726445178111783
758 34.133656575129585 0.0010726445178111783
759 34.178628454675206 0.0010726327104040535
760 34.22360033422083 0.0010726146456922362
761 34.26857221376646 0.001072610471755105
762 34.31354409331208 0.001072610471755105
763 34.35851597285771 0.0010726028034025712
764 34.40348785240334 0.001072599371662838
765 34.44845973194896 0.001072590872943302
766 34.493431611494586 0.0010725824664860172
767 34.538403491040214 0.0010725416737946637
768 34.583375370585834 0.0010725209899285356
769 34.62834725013146 0.0010725164078096336
770 34.67331912967708 0.0010725140937530777
771 34.71829100922271 0.0010725140937530777
772 34.76326288876834 0.0010724934650518632
773 34.80823476831396 0.0010724872825045603
774 34.85320664785959 0.0010724843394421014
775 34.898178527405214 0.0010724843394421014
776 34.943150406950835 0.001072478780679561
777 34.98812228649646 0.0010724738329964856
778 35.03309416604209 0.001072466983254733
779 35.07806604558771 0.0010724570932347912
780 35.12303792513334 0.001072453186181645
781 35.16800980467897 0.001072450968042463
782 35.21298168422459 0.0010724044633862357
783 35.257953563770215 0.0010723949520077185
784 35.30292544331584 0.0010723324048409447
785 35.34789732286146 0.0010722927049869144
786 35.39286920240709 0.0010722775687438157
787 35.43784108195272 0.0010722742658919816
788 35.48281296149834 0.0010722742658919816
789 35.52778484104397 0.001072254159838507
790 35.57275672058959 0.0010722462802466115
791 35.617728600135216 0.001072235080411094
792 35.662700479680844 0.0010722276149310222
793 35.707672359226464 0.0010722276149310222
794 35.75264423877209 0.0010722169865373342
795 35.79761611831772 0.001072203958652617
796 35.84258799786334 0.0010721984628859523
797 35.88755987740897 0.0010721966761576575
798 35.932531756954596 0.0010721782649351797
799 35.97750363650022 0.0010721700842710661
800 36.022475516045844 0.0010720996981901116
801 36.06744739559147 0.0010720833652889273
802 36.11241927513709 0.0010720782910947687
803 36.15739115468272 0.0010720758369002648
804 36.20236303422835 0.0010720758369002648
805 36.24733491377397 0.0010720758369002648
806 36.2923067933196 0.0010720678066814323
807 36.337278672865224 0.001072065407149748
808 36.382250552410845 0.0010720539281783641
809 36.42722243195647 0.0010720488729924302
810 36.47219431150209 0.0010720488729924302
811 36.51716619104772 0.0010720390580276193
812 36.56213807059335 0.0010720350814283858
813 36.60710995013897 0.0010720328513258396
814 36.6520818296846 0.0010720221995499655
815 36.697053709230225 0.001072017572955561
816 36.742025588775846 0.001072008106531484
817 36.78699746832147 0.001071979493441568
818 36.8319693478671 0.0010719714512842694
819 36.87694122741272 0.0010719677265890791
820 36.92191310695835 0.0010719653232145632
821 36.96688498650398 0.0010719441165525751
822 37.0118568660496 0.0010718931635154876
823 37.056828745595226 0.0010718870472924682
824 37.101800625140854 0.0010718762911455543
825 37.146772504686474 0.0010718729631786223
826 37.1917443842321 0.0010717636004543545
827 37.23671626377773 0.0010716864907292444
828 37.28168814332335 0.001071676864120108
829 37.32666002286898 0.001071665094038721
830 37.3716319024146 0.0010716625256447794
831 37.41660378196023 0.001071324644428649
832 37.461575661505854 0.0010712184852311845
833 37.506547541051475 0.0010711816964142033
834 37.5515194205971 0.0010711726080100935
835 37.59649130014273 0.0010711435561015375
836 37.64146317968835 0.0010705564774901634
837 37.68643505923398 0.0010703953138360743
838 37.73140693877961 0.0010702519988956638
839 37.77637881832523 0.0010702310910300247
840 37.821350697870855 0.0010701790055871584
841 37.86632257741648 0.0010701733680840483
842 37.9112944569621 0.0010701707398568401
843 37.95626633650773 0.001070168757795741
844 38.00123821605336 0.001070168757795741
845 38.04621009559898 0.001070168757795741
846 38.09118197514461 0.001070168757795741
847 38.136153854690235 0.001070161728947137
848 38.181125734235856 0.0010701538916540467
849 38.226097613781484 0.001070142749153068
850 38.271069493327104 0.001070109895725609
851 38.31604137287273 0.001070102210529832
852 38.36101325241836 0.0010701006015904643
853 38.40598513196398 0.0010700734759511088
854 38.45095701150961 0.0010700614078989115
855 38.495928891055236 0.0010700587238251166
856 38.54090077060086 0.001070013047331779
857 38.585872650146484 0.0010699511087716653
858 38.63084452969211 0.0010699305619575122
859 38.67581640923773 0.0010699186528797533
860 38.72078828878336 0.0010699101566221763
861 38.76576016832899 0.0010698832053737753
862 38.81073204787461 0.0010698807240357004
863 38.85570392742024 0.001069878986131993
864 38.900675806965864 0.0010698774760942709
865 38.945647686511485 0.0010698774760942709
866 38.99061956605711 0.0010698774760942709
867 39.03559144560274 0.0010698569422936575
868 39.08056332514836 0.0010698513517034844
869 39.12553520469399 0.0010698486916827059
870 39.17050708423961 0.0010698467941293022
871 39.21547896378524 0.0010698158006290546
872 39.260450843330865 0.0010698075343595563
873 39.305422722876486 0.0010698038395737257
874 39.350394602422114 0.0010698016004277269
875 39.39536648196774 0.0010697998383322515
876 39.44033836151336 0.0010697864623416475
877 39.48531024105899 0.0010697354206473516
878 39.53028212060462 0.0010697127074835238
879 39.57525400015024 0.0010697090074852404
880 39.620225879695866 0.0010696249022120721
881 39.665197759241494 0.0010695738680111572
882 39.710169638787114 0.0010695589209298558
883 39.75514151833274 0.0010695497437912828
884 39.80011339787837 0.0010695433152110548
885 39.84508527742399 0.001069538409920526
886 39.89005715696962 0.0010695137862208033
887 39.935029036515246 0.001069406042221104
888 39.98000091606087 0.0010692598247927416
889 40.024972795606494 0.0010691458452809907
890 40.069944675152115 0.0010691318307422368
891 40.11491655469774 0.0010691258946543816
892 40.15988843424337 0.0010691213078766362
893 40.20486031378899 0.001069088876491498
894 40.24983219333462 0.0010690782627432894
895 40.29480407288025 0.001069073268441198
896 40.33977595242587 0.001069073268441198
897 40.384747831971495 0.001069013773262484
898 40.42971971151712 0.001068956828203044
899 40.474691591062744 0.0010689452746916023
900 40.51966347060837 0.001068940356404502
901 40.564635350154 0.0010689374195773402
902 40.60960722969962 0.001068909106027257
903 40.65457910924525 0.0010688982583798067
904 40.699550988790875 0.001068895980127994
905 40.744522868336496 0.0010688947724259018
906 40.789494747882124 0.0010688947724259018
907 40.83446662742775 0.0010688947724259018
908 40.87943850697337 0.00106888555953936
909 40.924410386519 0.0010688829207266344
910 40.96938226606463 0.0010688632827518055
911 41.01435414561025 0.0010688367762350505
912 41.059326025155876 0.0010688296639339277
913 41.1042979047015 0.0010688280075444383
914 41.149269784247124 0.0010688267867271966
915 41.19424166379275 0.0010688016685599178
916 41.23921354333837 0.0010687879824231162
917 41.284185422884 0.0010687781329728795
918 41.32915730242963 0.0010687126629589767
919 41.37412918197525 0.001068685618700229
920 41.41910106152088 0.001068678322456746
921 41.464072941066505 0.0010686752434245544
922 41.509044820612125 0.0010686730581198158
923 41.55401670015775 0.0010686573871550207
924 41.59898857970338 0.0010686463068984048
925 41.643960459249 0.0010686463068984048
926 41.68893233879463 0.0010686061514542248
927 41.73390421834026 0.0010685753127533094
928 41.77887609788588 0.0010685645228337844
929 41.823847977431505 0.0010685601878357084
930 41.86881985697713 0.001068549522296257
931 41.913791736522754 0.0010685023768369907
932 41.95876361606838 0.0010684273847203936
933 42.003735495614 0.0010684139837780588
934 42.04870737515963 0.0010683973909132425
935 42.09367925470526 0.0010683915044032545
936 42.13865113425088 0.0010683915044032545
937 42.183623013796506 0.0010683207111118502
938 42.228594893342134 0.0010682986791152288
939 42.273566772887754 0.0010682952960986312
940 42.31853865243338 0.0010682952960986312
941 42.36351053197901 0.0010682952960986312
942 42.40848241152463 0.0010682885271948832
943 42.45345429107026 0.0010682860295072735
944 42.498426170615886 0.0010682787573014169
945 42.54339805016151 0.0010682681420114846
946 42.588369929707135 0.0010682646370783163
947 42.63334180925276 0.001068259650577972
948 42.67831368879838 0.0010682414796287217
949 42.72328556834401 0.0010682252405221128
950 42.76825744788964 0.0010682220039091783
951 42.81322932743526 0.0010682209540650227
952 42.85820120698089 0.0010682067626253365
953 42.90317308652651 0.0010681700509175885
954 42.948144966072135 0.0010681592593554605
955 42.99311684561776 0.0010681475739067435
956 43.038088725163384 0.001068145537768622
957 43.08306060470901 0.001068145537768622
958 43.12803248425464 0.001068145537768622
959 43.17300436380026 0.001068137486644825
960 43.21797624334589 0.0010681344798709523
961 43.262948122891515 0.0010681295312914498
962 43.307920002437136 0.001068125110216871
963 43.352891881982764 0.0010681206293345824
964 43.39786376152839 0.0010681075058485729
965 43.44283564107401 0.0010681044425869008
966 43.48780752061964 0.0010681032146649184
967 43.53277940016527 0.0010680805934474174
968 43.57775127971089 0.0010680661019372957
969 43.622723159256516 0.001068061045012574
970 43.667695038802144 0.0010680555356138205
971 43.712666918347765 0.0010680386948381702
972 43.75763879789339 0.001067994043466595
973 43.80261067743901 0.0010679888578002165
974 43.84758255698464 0.0010679870591782023
975 43.89255443653027 0.0010678368704547358
976 43.93752631607589 0.0010678063929201722
977 43.98249819562152 0.0010677981083649785
978 44.027470075167145 0.0010677944161424382
979 44.072441954712765 0.0010677919366832917
980 44.11741383425839 0.001067780930353847
981 44.16238571380402 0.001067780930353847
982 44.20735759334964 0.0010677511848927123
983 44.25232947289527 0.0010677226583419336
984 44.2973013524409 0.0010677142571110815
985 44.34227323198652 0.0010677090635199907
986 44.387245111532145 0.0010677053615301146
987 44.43221699107777 0.0010677026259570382
988 44.477188870623394 0.0010677004996338477
989 44.52216075016902 0.001067698808232739
990 44.56713262971465 0.0010676974011550417
991 44.61210450926027 0.001067696203106508
992 44.6570763888059 0.0010676951347997612
993 44.70204826835152 0.0010676941706175755
994 44.747020147897146 0.0010676536776230059
995 44.791992027442774 0.00106758346226363
996 44.836963906988395 0.0010675736237727791
997 44.88193578653402 0.0010675687480397275
998 44.92690766607965 0.001067565327573726
999 44.97187954562527 0.0010675627946536866
1000 45.0168514251709 0.0010675514296735371
