N_iters f_trunc_cg f_trunc_approx_cg f_trunc_trm f_trunc_approx_trm
0 1.8520595138634006e-06 1.8520595138634006e-06 1.8520595138634006e-06 1.8520595138634006e-06
5 1.8096436790103376e-06 1.8068818555056238e-06 1.8319891072348867e-06 1.6586294460701347e-06
10 1.78017665490784e-06 1.735097145339889e-06 1.8036571073522612e-06 1.5584131022832051e-06
15 1.7732805361975998e-06 1.6619235532152284e-06 1.7018907242093884e-06 1.4637525266916403e-06
20 1.7664196849138414e-06 1.62482678545793e-06 1.6193944203509262e-06 1.4036117828421843e-06
25 1.7608605832701178e-06 1.578661447905601e-06 1.539023303247544e-06 1.3342668876062943e-06
30 1.7533208548720059e-06 1.5599835559182765e-06 1.4738353366177725e-06 1.292863635460921e-06
35 1.7485371938088345e-06 1.5533778216134835e-06 1.4460719519936836e-06 1.2852783566017196e-06
40 1.7419947529360724e-06 1.546644127250947e-06 1.421167154928985e-06 1.278277418378295e-06
45 1.736295840229868e-06 1.5358858673492576e-06 1.3806046322610323e-06 1.2705990956723853e-06
50 1.7290461254461674e-06 1.5285718625198799e-06 1.3602963413768533e-06 1.2634942493323106e-06
55 1.723119555800336e-06 1.5214894327146865e-06 1.3370680089582014e-06 1.2549495593960721e-06
60 1.7121956269270326e-06 1.5145758208668425e-06 1.324301114903129e-06 1.2447892465821756e-06
65 1.703688934625846e-06 1.511516183076937e-06 1.3170348991543702e-06 1.2435287834856903e-06
70 1.690312207089463e-06 1.485292259714459e-06 1.3103093639456477e-06 1.2432994584231221e-06
75 1.681549411584137e-06 1.4806885182200712e-06 1.3029733300568131e-06 1.2413270818425233e-06
80 1.6767712763381588e-06 1.4806885182200712e-06 1.2894389633932356e-06 1.239685971305189e-06
85 1.6718435615068969e-06 1.4806885182200712e-06 1.2856398726312045e-06 1.2387898004776984e-06
90 1.6676245200784597e-06 1.4806885182200712e-06 1.2827537742605828e-06 1.2382723670348907e-06
95 1.6632653991065743e-06 1.4806885182200712e-06 1.2767186872463757e-06 1.2373227035900708e-06
100 1.6585548088330165e-06 1.4806885182200712e-06 1.2657277575109654e-06 1.2364436106901971e-06
105 1.6546035540276889e-06 1.4806885182200712e-06 1.2537043558729634e-06 1.2350218190020232e-06
110 1.6504928589559172e-06 1.4806885182200712e-06 1.2513308957545742e-06 1.2319194674883486e-06
115 1.6468464382613363e-06 1.4806885182200712e-06 1.2419225270078808e-06 1.2285982203708095e-06
120 1.6430997119652935e-06 1.4806885182200712e-06 1.2295678066845332e-06 1.227898400955802e-06
125 1.6397800008299856e-06 1.4806885182200712e-06 1.2166269871729403e-06 1.226043495253738e-06
130 1.6363560458794337e-06 1.4806885182200712e-06 1.2142442914043066e-06 1.2252688288446997e-06
135 1.6334401347512716e-06 1.4806885182200712e-06 1.2134090457601574e-06 1.2246560482283528e-06
140 1.621985790513865e-06 1.4806885182200712e-06 1.2121259639164546e-06 1.2233322726667091e-06
145 1.6189410950539843e-06 1.4806885182200712e-06 1.207747857448732e-06 1.2226665741544828e-06
150 1.6096578326283449e-06 1.4806885182200712e-06 1.2028384225220897e-06 1.2216067589554572e-06
155 1.6071279644703308e-06 1.4806885182200712e-06 1.2003516645607176e-06 1.218557970576083e-06
160 1.6047930803195402e-06 1.4806885182200712e-06 1.2000876385382075e-06 1.2180894556422272e-06
165 1.5970807867349166e-06 1.4806885182200712e-06 1.1874853768038344e-06 1.216687974347137e-06
170 1.59030652118618e-06 1.4806885182200712e-06 1.1856319460187313e-06 1.2161080096499945e-06
175 1.5841417180110414e-06 1.4806885182200712e-06 1.1848188755398487e-06 1.2156814088286277e-06
180 1.5777762241462293e-06 1.4806885182200712e-06 1.184682291279714e-06 1.2145747922611555e-06
185 1.5725536192337965e-06 1.4806885182200712e-06 1.184322955625903e-06 1.2139485993459259e-06
190 1.5671038583559864e-06 1.4806885182200712e-06 1.1835493077773156e-06 1.2136783829024739e-06
195 1.562410146253212e-06 1.4806885182200712e-06 1.1834399919465302e-06 1.2131889463710928e-06
200 1.5601760474614732e-06 1.4806885182200712e-06 1.1824002156081217e-06 1.212418306686582e-06
205 1.5561169014141252e-06 1.4806885182200712e-06 1.1793336929234697e-06 1.2113877596175566e-06
210 1.5518457194302193e-06 1.4806885182200712e-06 1.1789327770337795e-06 1.2088376953148038e-06
215 1.5500852283945685e-06 1.4806885182200712e-06 1.176383293673314e-06 1.2086015020371927e-06
220 1.5465263878846275e-06 1.4806885182200712e-06 1.1749037113145395e-06 1.2083904886145486e-06
225 1.5451445848148107e-06 1.4806885182200712e-06 1.174433570861108e-06 1.2080083349552449e-06
230 1.543431214209391e-06 1.4806885182200712e-06 1.1741936133276793e-06 1.2073907072964015e-06
235 1.5403540698014122e-06 1.4806885182200712e-06 1.1741104814368421e-06 1.2065479110722558e-06
240 1.5386742357725478e-06 1.4806885182200712e-06 1.1739307078032102e-06 1.2039569441932263e-06
245 1.5374892396948352e-06 1.4806885182200712e-06 1.1737661941385944e-06 1.2037424247336071e-06
250 1.5359755941972678e-06 1.4806885182200712e-06 1.1722562551241253e-06 1.2035178086803625e-06
255 1.5332590838474979e-06 1.4806885182200712e-06 1.1719321925515405e-06 1.2029801557939382e-06
260 1.5317542875512414e-06 1.4806885182200712e-06 1.171850213197093e-06 1.2021459700517668e-06
265 1.5306206571781044e-06 1.4806885182200712e-06 1.1717555287911622e-06 1.2015831550934068e-06
270 1.529199366713218e-06 1.4806885182200712e-06 1.1716134047837982e-06 1.2009028090636638e-06
275 1.528131784695878e-06 1.4806885182200712e-06 1.1714936715389378e-06 1.199496541255174e-06
280 1.5267799374865424e-06 1.4806885182200712e-06 1.171219785943929e-06 1.1969856687225583e-06
285 1.5257360283507575e-06 1.4806885182200712e-06 1.1707624644032612e-06 1.1961880986547902e-06
290 1.524436964705933e-06 1.4806885182200712e-06 1.1701392656948362e-06 1.1883912008045235e-06
295 1.5234407207043939e-06 1.4806885182200712e-06 1.1682553584952713e-06 1.1873166347547316e-06
300 1.522189198026023e-06 1.4806885182200712e-06 1.168131188515284e-06 1.1871040381878984e-06
305 1.5212076325621615e-06 1.4806885182200712e-06 1.1677894873272596e-06 1.1863740410791105e-06
310 1.5200066253844454e-06 1.4806885182200712e-06 1.1672702024380324e-06 1.1849925670211986e-06
315 1.519073346051872e-06 1.4806885182200712e-06 1.1671168339763423e-06 1.1840555033494948e-06
320 1.517920801422917e-06 1.4806885182200712e-06 1.1662115068563168e-06 1.183541458675629e-06
325 1.517022889645703e-06 1.4806885182200712e-06 1.1661082499246245e-06 1.1832721190619926e-06
330 1.515920633950176e-06 1.4806885182200712e-06 1.1640107189933008e-06 1.182726099775512e-06
335 1.5147883093245726e-06 1.4806885182200712e-06 1.1637116922173925e-06 1.1805419672993023e-06
340 1.5137057360733635e-06 1.4806885182200712e-06 1.1600646121234443e-06 1.1797555739766673e-06
345 1.5128593129629013e-06 1.4806885182200712e-06 1.1599204619908696e-06 1.1795543232127187e-06
350 1.5118410186150774e-06 1.4806885182200712e-06 1.1597553583376002e-06 1.1794030465863248e-06
355 1.5107717404359884e-06 1.4806885182200712e-06 1.1596871181085498e-06 1.1792636021033475e-06
360 1.509773149771018e-06 1.4806885182200712e-06 1.1596390912727877e-06 1.1789439290101657e-06
365 1.5090502880038965e-06 1.4806885182200712e-06 1.1594560261759993e-06 1.1784594619637465e-06
370 1.5077785497267913e-06 1.4806885182200712e-06 1.1589575156757531e-06 1.1779401851662355e-06
375 1.5070116063517794e-06 1.4806885182200712e-06 1.1582275713025364e-06 1.1776955571542426e-06
380 1.5058747929683453e-06 1.4806885182200712e-06 1.1567766250545643e-06 1.1775695940396407e-06
385 1.5050985949156777e-06 1.4806885182200712e-06 1.1567115525654007e-06 1.1772103725440275e-06
390 1.5040152300402213e-06 1.4806885182200712e-06 1.1537473764036957e-06 1.176898707780522e-06
395 1.5032580232452895e-06 1.4806885182200712e-06 1.1534519755393192e-06 1.176519159921743e-06
400 1.5022209440016315e-06 1.4806885182200712e-06 1.153092105707081e-06 1.1757235111998528e-06
405 1.5014894504376617e-06 1.4806885182200712e-06 1.1527821984670874e-06 1.1754596717221826e-06
410 1.5004605630544376e-06 1.4806885182200712e-06 1.152657808048537e-06 1.1741847787529176e-06
415 1.4998300979697003e-06 1.4806885182200712e-06 1.1524767621426005e-06 1.1732351142170481e-06
420 1.4987739705901482e-06 1.4806885182200712e-06 1.1521186800671942e-06 1.172666761391711e-06
425 1.497922031024029e-06 1.4806885182200712e-06 1.151687613400623e-06 1.1714990097880621e-06
430 1.4970112283903724e-06 1.4806885182200712e-06 1.1515150589124562e-06 1.171372058958434e-06
435 1.4963082860577174e-06 1.4806885182200712e-06 1.1509890806290203e-06 1.1704234507934426e-06
440 1.495369410755435e-06 1.4806885182200712e-06 1.1498594293396453e-06 1.1691716491285662e-06
445 1.4945666588246001e-06 1.4806885182200712e-06 1.1479705047670688e-06 1.1683369893837668e-06
450 1.493841241184641e-06 1.4806885182200712e-06 1.1471687220130452e-06 1.16822023773479e-06
455 1.4930621209382846e-06 1.4806885182200712e-06 1.1462173219462923e-06 1.1681289469187655e-06
460 1.4921733846197847e-06 1.4806885182200712e-06 1.1459130207056546e-06 1.1679762793414306e-06
465 1.4914156282215603e-06 1.4806885182200712e-06 1.1455057376122151e-06 1.1675421521239007e-06
470 1.490578818258377e-06 1.4806885182200712e-06 1.145403044224038e-06 1.1668488030551976e-06
475 1.4898393531947528e-06 1.4806885182200712e-06 1.1453170489013941e-06 1.1655879637137512e-06
480 1.4890409126987867e-06 1.4806885182200712e-06 1.1452507391549206e-06 1.1652426790935112e-06
485 1.4883094003446609e-06 1.4806885182200712e-06 1.1451109352585308e-06 1.1647908038841656e-06
490 1.4875350399754415e-06 1.4806885182200712e-06 1.1449102618344934e-06 1.1642316504598144e-06
495 1.486984866042114e-06 1.4806885182200712e-06 1.14412624235685e-06 1.1640199364111884e-06
500 1.4860784115790071e-06 1.4806885182200712e-06 1.1428187874283583e-06 1.1633846024323406e-06
505 1.4853853080218093e-06 1.4806885182200712e-06 1.142436732236833e-06 1.1625112742712309e-06
510 1.4846471784531884e-06 1.4806885182200712e-06 1.1422911859866385e-06 1.1623237546044629e-06
515 1.483984478264629e-06 1.4806885182200712e-06 1.1420102383881377e-06 1.1618972484629126e-06
520 1.4832615924752652e-06 1.4806885182200712e-06 1.141244115749239e-06 1.1617834194119135e-06
525 1.482626002613335e-06 1.4806885182200712e-06 1.1401160868616364e-06 1.161460678145891e-06
530 1.4819302053796083e-06 1.4806885182200712e-06 1.1397214714042799e-06 1.1612779201350627e-06
535 1.4813343814768599e-06 1.4806885182200712e-06 1.139594159471341e-06 1.1611622986949294e-06
540 1.480527831391528e-06 1.4806885182200712e-06 1.1392462134722237e-06 1.1610459565744332e-06
545 1.4799123480230638e-06 1.4806885182200712e-06 1.1390444493533864e-06 1.1608256685396537e-06
550 1.4792608920668762e-06 1.4806885182200712e-06 1.1389878619800617e-06 1.1604839592744654e-06
555 1.4786916891232496e-06 1.4806885182200712e-06 1.1387402059262308e-06 1.160047136550816e-06
560 1.4779298633991949e-06 1.4806885182200712e-06 1.138102003601044e-06 1.1599608539573993e-06
565 1.477424466708569e-06 1.4806885182200712e-06 1.137306600321541e-06 1.1595246538019668e-06
570 1.4766767803983672e-06 1.4806885182200712e-06 1.1369824220051009e-06 1.1590825706624676e-06
575 1.4760663206121197e-06 1.4806885182200712e-06 1.13688270873111e-06 1.1589761119251992e-06
580 1.4754627405956482e-06 1.4806885182200712e-06 1.1362623266709835e-06 1.1585092780733564e-06
585 1.4749541634267406e-06 1.4806885182200712e-06 1.1361995213626363e-06 1.1581015496508152e-06
590 1.4742445403407008e-06 1.4806885182200712e-06 1.1361405329581508e-06 1.1579307542881864e-06
595 1.4737037288439181e-06 1.4806885182200712e-06 1.135859681310148e-06 1.157351615978194e-06
600 1.4730952687991554e-06 1.4806885182200712e-06 1.1354304309923019e-06 1.1565621097301362e-06
605 1.4725245390299776e-06 1.4806885182200712e-06 1.1349111540376315e-06 1.1563592187998032e-06
610 1.4719294130709173e-06 1.4806885182200712e-06 1.1345653859918921e-06 1.156260134118758e-06
615 1.4713765381233797e-06 1.4806885182200712e-06 1.133287387383891e-06 1.156189843603031e-06
620 1.4708424216975856e-06 1.4806885182200712e-06 1.1314093594263854e-06 1.1559599855474703e-06
625 1.4702572700616474e-06 1.4806885182200712e-06 1.1300641390442935e-06 1.1555033020626844e-06
630 1.469746952436329e-06 1.4806885182200712e-06 1.1300641390442935e-06 1.1553131137929988e-06
635 1.4679036667195466e-06 1.4806885182200712e-06 1.130017073177816e-06 1.1551235995836348e-06
640 1.4673127256699478e-06 1.4806885182200712e-06 1.1298771862731273e-06 1.1548748323384444e-06
645 1.4668695192452285e-06 1.4806885182200712e-06 1.129709275664526e-06 1.1547185430660736e-06
650 1.466302274486636e-06 1.4806885182200712e-06 1.1294389349216952e-06 1.1544529787483123e-06
655 1.4646308643049576e-06 1.4806885182200712e-06 1.1293869593492827e-06 1.154035434055518e-06
660 1.4640861699528028e-06 1.4806885182200712e-06 1.1293375522835002e-06 1.1530288076876533e-06
665 1.4635891552226083e-06 1.4806885182200712e-06 1.1292329399195581e-06 1.1529123711415058e-06
670 1.463101248224782e-06 1.4806885182200712e-06 1.1291340271533723e-06 1.1526714805746474e-06
675 1.4626940584821496e-06 1.4806885182200712e-06 1.1290034714890687e-06 1.152305750661295e-06
680 1.4610789442399966e-06 1.4806885182200712e-06 1.128593399957181e-06 1.1515941578225581e-06
685 1.4595624591666832e-06 1.4806885182200712e-06 1.1277438510185424e-06 1.1513941756007054e-06
690 1.4581305925805393e-06 1.4806885182200712e-06 1.1264967595557814e-06 1.1509724093559468e-06
695 1.4567804222490257e-06 1.4806885182200712e-06 1.1247917276802426e-06 1.150220887592575e-06
700 1.4544843473751243e-06 1.4806885182200712e-06 1.1236909397940754e-06 1.1500119086487688e-06
705 1.4539898182238228e-06 1.4806885182200712e-06 1.1236841576279912e-06 1.1496604458558562e-06
710 1.4518238583107895e-06 1.4806885182200712e-06 1.1236139340877088e-06 1.149413386248794e-06
715 1.419355592519453e-06 1.4806885182200712e-06 1.1233037410784795e-06 1.1493544760992917e-06
720 1.40741965961569e-06 1.4806885182200712e-06 1.1230711905905234e-06 1.1492893670658647e-06
725 1.3986746366666153e-06 1.4806885182200712e-06 1.1229292872529962e-06 1.1492451707722062e-06
730 1.3919385784310105e-06 1.4806885182200712e-06 1.122904707909665e-06 1.149158988541708e-06
735 1.3892915212838357e-06 1.4806885182200712e-06 1.1222156594864353e-06 1.1488484400283206e-06
740 1.3821082448933075e-06 1.4806885182200712e-06 1.1221283419232655e-06 1.1484385889212962e-06
745 1.3809805298132107e-06 1.4806885182200712e-06 1.1220991759508166e-06 1.1483854215110673e-06
750 1.3797120466618057e-06 1.4806885182200712e-06 1.1216327624353432e-06 1.148252825711252e-06
755 1.3780323432178337e-06 1.4806885182200712e-06 1.1215618714556748e-06 1.1481252970219653e-06
760 1.375991429927785e-06 1.4806885182200712e-06 1.121507285663639e-06 1.1478672688214976e-06
765 1.375055037189199e-06 1.4806885182200712e-06 1.121374768012592e-06 1.1478476962752256e-06
770 1.3735626675642856e-06 1.4806885182200712e-06 1.121122316464685e-06 1.1477907706369961e-06
775 1.3610507393177897e-06 1.4806885182200712e-06 1.1207586486013882e-06 1.1476150828600443e-06
780 1.3579149148495794e-06 1.4806885182200712e-06 1.1200301207217204e-06 1.1475291357350553e-06
785 1.3557736286886391e-06 1.4806885182200712e-06 1.1200033609603784e-06 1.1474636951045613e-06
790 1.3540507334476023e-06 1.4806885182200712e-06 1.1198679542742634e-06 1.1474193676110287e-06
795 1.3531186647328188e-06 1.4806885182200712e-06 1.119827933932733e-06 1.1472654954654676e-06
800 1.3525439112319537e-06 1.4806885182200712e-06 1.1197899245099512e-06 1.1470644071729992e-06
805 1.3512500436046382e-06 1.4806885182200712e-06 1.1197007024245243e-06 1.146761672195438e-06
810 1.346789867507817e-06 1.4806885182200712e-06 1.1192842172029845e-06 1.1467115574334978e-06
815 1.344880077518478e-06 1.4806885182200712e-06 1.118815554613693e-06 1.1466170200365688e-06
820 1.3435065614701976e-06 1.4806885182200712e-06 1.1173555362177194e-06 1.1464735879235977e-06
825 1.3429526852034341e-06 1.4806885182200712e-06 1.1172510502658682e-06 1.1463839052060673e-06
830 1.3424279069432708e-06 1.4806885182200712e-06 1.113750491446378e-06 1.1461959452832588e-06
835 1.3421229230586635e-06 1.4806885182200712e-06 1.1133608303058066e-06 1.1460798245024845e-06
840 1.3414721889309687e-06 1.4806885182200712e-06 1.1122301941637263e-06 1.1458769968731164e-06
845 1.3405337941605844e-06 1.4806885182200712e-06 1.1119724946250371e-06 1.145777501730549e-06
850 1.3387927451130336e-06 1.4806885182200712e-06 1.111811378709131e-06 1.145501552020437e-06
855 1.3367530628289209e-06 1.4806885182200712e-06 1.1116589599073647e-06 1.1448709789159058e-06
860 1.3314743256176416e-06 1.4806885182200712e-06 1.1115692422548674e-06 1.1435175193834942e-06
865 1.3301079855023876e-06 1.4806885182200712e-06 1.1114755379406618e-06 1.1430142293966634e-06
870 1.3253287609052556e-06 1.4806885182200712e-06 1.111422581682044e-06 1.1429679558671453e-06
875 1.3221080113093506e-06 1.4806885182200712e-06 1.1112849242142328e-06 1.1429182040823744e-06
880 1.3206988288076587e-06 1.4806885182200712e-06 1.1112529179743672e-06 1.1428430537170935e-06
885 1.3197471564319095e-06 1.4806885182200712e-06 1.1112153475572038e-06 1.1427315800435613e-06
890 1.3191479305511453e-06 1.4806885182200712e-06 1.1109776403304917e-06 1.142565506695237e-06
895 1.3182430619396236e-06 1.4806885182200712e-06 1.1108509724564255e-06 1.1423526324077654e-06
900 1.3102661244670253e-06 1.4806885182200712e-06 1.1107634075268864e-06 1.1421487314798047e-06
905 1.309081149209825e-06 1.4806885182200712e-06 1.1105502375420852e-06 1.1420295164428559e-06
910 1.3080758066339037e-06 1.4806885182200712e-06 1.1104951798672863e-06 1.1417950043071211e-06
915 1.3075192482755573e-06 1.4806885182200712e-06 1.1104534194802077e-06 1.1412894232110968e-06
920 1.3071811603510698e-06 1.4806885182200712e-06 1.110324899775127e-06 1.1405441014791186e-06
925 1.3061117988961563e-06 1.4806885182200712e-06 1.1097382155032826e-06 1.1401673734463123e-06
930 1.3051044343796832e-06 1.4806885182200712e-06 1.1091894575741586e-06 1.1401435816966934e-06
935 1.3043439920780967e-06 1.4806885182200712e-06 1.1088546386118395e-06 1.1400875161684856e-06
940 1.3040187642171246e-06 1.4806885182200712e-06 1.1077716672089563e-06 1.1400242182973006e-06
945 1.3037584193748006e-06 1.4806885182200712e-06 1.107655829392632e-06 1.1399609682673142e-06
950 1.3033823386676438e-06 1.4806885182200712e-06 1.1075145284529968e-06 1.139765129573364e-06
955 1.2996603697566579e-06 1.4806885182200712e-06 1.1070648987638642e-06 1.1395720532522109e-06
960 1.2972202863250884e-06 1.4806885182200712e-06 1.1058388381638296e-06 1.139393900548418e-06
965 1.2963030332987605e-06 1.4806885182200712e-06 1.1036038676021761e-06 1.1393015069804847e-06
970 1.2959191216284501e-06 1.4806885182200712e-06 1.1033376219880865e-06 1.1391992506447944e-06
975 1.2956705070337701e-06 1.4806885182200712e-06 1.1033174275427797e-06 1.1388787889148108e-06
980 1.2945331586765365e-06 1.4806885182200712e-06 1.1032529464189688e-06 1.1388478570302368e-06
985 1.2935902919952296e-06 1.4806885182200712e-06 1.1029281210452721e-06 1.1388007481205721e-06
990 1.2931661071379992e-06 1.4806885182200712e-06 1.1028030258089371e-06 1.138701416789502e-06
995 1.2927706235048469e-06 1.4806885182200712e-06 1.1027641273311332e-06 1.1383196348490402e-06
