t_tenpy sz_chi_16 sz_chi_32 sz_chi_64 sz_chi_128 sz_chi_256
0.0 1.0 1.0 1.0 1.0 1.0
0.01 0.9994378907876198 0.9994250015124292 0.9994250032522112 0.9994250032522098 0.9994250032522098
0.02 0.997590530599496 0.997553919345385 0.9975534740461093 0.9975534710437923 0.9975534709541234
0.03 0.9943851321018102 0.9943249406938693 0.9943223001754438 0.9943222672134503 0.9943222666586837
0.04 0.9900289947866466 0.9899367558283168 0.9899279352116371 0.9899276946505968 0.9899277018119066
0.05 0.9848021094622841 0.9846565326980797 0.9846344578680397 0.98463354439312 0.9846335529113557
0.06 0.979036328205029 0.9788022212096813 0.9787557328416172 0.9787531810915007 0.9787531414809745
0.07 0.9730917535830182 0.9727212047093711 0.9726347077971208 0.972628729008536 0.9726285329864701
0.08 0.9673316554634878 0.9667675358385726 0.9666211688386614 0.9666088901713484 0.966608336446447
0.09 0.9620977970613258 0.9612789900300259 0.9610495286703035 0.9610268091485418 0.9610255817554912
0.1 0.957687837946234 0.9565555035288162 0.9562180675726085 0.956179558356761 0.9561771020056683
0.11 0.9543365330346796 0.952840540950739 0.95237097622466 0.9523102826136725 0.9523057520643218
0.12 0.9522017993361067 0.9503066748403385 0.9496843751719031 0.9495943422607013 0.9495866038021142
0.13 0.9513566755194283 0.9490464047256006 0.9482572697995448 0.9481302942573634 0.9481178503375791
0.14 0.9517876291399828 0.9490689781448013 0.9481080419593383 0.9479362728567755 0.9479172504771586
0.15 0.9533991395912363 0.9503034213883575 0.9491762776243575 0.9489519622496275 0.9489240940410176
0.16 0.956024271209069 0.9526072731277379 0.9513292047623341 0.9510461013185766 0.9510066028994872
0.17 0.9594403429699411 0.9557803867291975 0.9543755047361413 0.9540282580759922 0.9539738160783487
0.18 0.9633875724633076 0.9595825468604198 0.9580832847446844 0.9576641354622522 0.9575919541408318
0.19 0.9675904995120498 0.9637523847091369 0.962193409718709 0.9616943572704542 0.9616021856440552
0.2 0.9717805070544825 0.9680279083191865 0.9664335162891295 0.9658537554269917 0.9657402528541432
0.21 0.9757161687327409 0.9721469510350162 0.9705403604912195 0.9698895843596912 0.9697549075788685
0.22 0.9791993172457228 0.9758898341843194 0.974280318862264 0.9735780407755481 0.9734246008605207
0.23 0.9820863727282328 0.9790895659994033 0.9774655931918221 0.9767381737368349 0.9765707789533515
0.24 0.9842873277877476 0.9816321801595729 0.9799603415464893 0.9792418401312578 0.9790669889021761
0.25 0.9857761606056619 0.983442654548519 0.9816883946950646 0.9810181086816141 0.9808434533380719
0.26 0.9865782404732234 0.9844581265370853 0.982634761615696 0.9820528793674325 0.9818868660731
0.27 0.986747921742931 0.9846534153297256 0.9828409116582119 0.9823846096445131 0.9822358788448445
0.28 0.9863652525774753 0.9840928811258411 0.9823961585720157 0.9820962012343027 0.981972875925207
0.29 0.9855295930344925 0.9829034497197948 0.9814262307958606 0.9813039588917556 0.981212955172612
0.3 0.984353394395946 0.9812483042784177 0.9800800374404732 0.9801449589959347 0.9800912843257924
0.31 0.9829574961377869 0.9793110385609672 0.9785156643554922 0.9787638472454081 0.9787499531968129
0.32 0.9814629965331725 0.9772698322335113 0.9768865532098161 0.9773002452282165 0.9773254624228336
0.33 0.9799830196082033 0.9752923912618391 0.9753293263427627 0.9758777509551733 0.9759378723320271
0.34 0.9786143284862364 0.9735224658070393 0.9739540022573198 0.9745952559045276 0.9746823560960634
0.35000000000000003 0.9774304384925917 0.9720678202953601 0.9728374547479429 0.9735212725542839 0.9736236301962723
0.36 0.9764773546427584 0.9709952625571011 0.9720202752052062 0.9726914455454476 0.9727935468914136
0.37 0.9757719863427959 0.9703292955092487 0.9715069761487372 0.9721076412014549 0.972191927341136
0.38 0.9753032214001002 0.9700544485377909 0.9712689978499387 0.9717406716882585 0.9717903508919049
0.39 0.9750354561762321 0.970120724879953 0.9712513889320183 0.971538135576454 0.9715381696790377
0.4 0.9749144429601271 0.9704514078784291 0.9713829360846522 0.9714328490099697 0.9713701482679411
0.41000000000000003 0.9748748385587217 0.9709523228105711 0.9715857707627082 0.9713514177615645 0.9712153628301513
0.42 0.9748477976415955 0.9715208691784433 0.9717802078665642 0.9712217797075424 0.9710061747404171
0.43 0.974768457956164 0.9720561010996565 0.9718824899095533 0.9709824181862128 0.9706864682999786
0.44 0.9745804817694963 0.9724707548422697 0.9718148805415507 0.9705893120592572 0.9702180933102011
0.45 0.974238843440482 0.972700687948108 0.9715248722409363 0.9700209191328858 0.9695852695818488
0.46 0.9737181908465543 0.9727092711185035 0.9709930208296199 0.9692809098635773 0.9687965861628037
0.47000000000000003 0.9730195865245321 0.9724882731731884 0.9702312212723225 0.9683981158694552 0.9678843728922059
0.48 0.9721712853825247 0.9720563715895922 0.9692800608209556 0.9674236536207007 0.9669015778765003
0.49 0.971225242021012 0.971456157925594 0.9682050634682368 0.9664257670482034 0.9659165562520128
0.5 0.9702510779303595 0.9707495525203407 0.9670904254452706 0.9654830274768028 0.9650063265218252
0.51 0.9693287427774718 0.9700112060838106 0.9660306628810182 0.9646765739052252 0.9642489907620357
0.52 0.9685407549716303 0.9693207697195445 0.965121267765447 0.9640821472930915 0.9637160348509991
0.53 0.9679644902091241 0.9687548657063905 0.964449484871483 0.9637626644602842 0.9634652646940473
0.54 0.9676646668445429 0.9683795395944327 0.9640860248154525 0.963762063356613 0.9635348109974127
0.55 0.9676868989907643 0.968243351123027 0.9640783588409279 0.9641008666679513 0.9639384371336206
0.56 0.9680531614407178 0.9683714861767232 0.9644462150736643 0.9647740443939646 0.9646638833502383
0.5700000000000001 0.9687592762503479 0.968762158458591 0.9651796415656985 0.9657514703903272 0.9656737859778745
0.58 0.9697742368708702 0.9693866379093785 0.9662396883406865 0.9669797281163516 0.9669083074159569
0.59 0.9710423430576712 0.9701932146106989 0.9675617441949715 0.9683840303965211 0.9682896157892237
0.6 0.9724873914108989 0.9711138699466692 0.969061310910238 0.9698722944901248 0.96972813369789
0.61 0.9740183587210367 0.9720718803624093 0.970641108335946 0.9713434121151633 0.9711297136897636
0.62 0.9755366783800841 0.9729892098701333 0.9721989597923257 0.9726979396613702 0.9724031528636339
0.63 0.9769442976781162 0.9737929245702253 0.9736348891209312 0.9738467130859382 0.9734673881365137
0.64 0.9781509531040938 0.9744199870757493 0.9748571129597625 0.9747170773876846 0.9742578425327085
0.65 0.9790791739118656 0.9748219951607354 0.9757879766422783 0.9752581022691803 0.9747312574726005
0.66 0.979667423861049 0.9749697863878236 0.9763693193214428 0.9754440353459263 0.974868637681139
0.67 0.9798733059540679 0.9748546877117062 0.9765679179212282 0.9752757587144414 0.9746761871243571
0.68 0.9796773854571659 0.9744886830941475 0.976380250122056 0.9747801606093488 0.9741840973789454
0.6900000000000001 0.9790869770400913 0.9739039748663592 0.9758332701027876 0.9740073416307979 0.9734434251962301
0.7000000000000001 0.9781382207108126 0.9731507229848168 0.9749803424186776 0.9730259300490179 0.9725213303856517
0.71 0.9768948567586383 0.9722925582832265 0.973894705096392 0.971917010406681 0.97149511379387
0.72 0.975443960696779 0.971400597907734 0.9726627126017735 0.9707672586512113 0.9704456076752495
0.73 0.9738894192118565 0.9705470700273102 0.9713770702037411 0.9696618739531297 0.9694504917541444
0.74 0.972343699258372 0.9697993079140016 0.9701297905248207 0.9686778733731497 0.9685780917763079
0.75 0.9709186074787381 0.9692143107646864 0.9690052810937021 0.9678782640282056 0.9678821899041665
0.76 0.9697160901388495 0.9688341637184125 0.9680741227081261 0.9673075626146728 0.9673982721821323
0.77 0.9688199626071445 0.9686828546592687 0.967388076958399 0.9669889831766794 0.9671414675369081
0.78 0.9682892429387445 0.9687648471868815 0.9669767672988588 0.9669234285745559 0.9671062848411041
0.79 0.9681537076617599 0.9690655171695555 0.9668462825517808 0.9670904758004353 0.9672681410990535
0.8 0.9684120035025136 0.9695533323432964 0.9669797458949249 0.9674513055781345 0.9675864758347639
0.81 0.9690323750756215 0.9701832645927682 0.9673396868116121 0.9679527336521339 0.9680090922509074
0.8200000000000001 0.9699558646366859 0.9709007501878066 0.967872003691092 0.9685317717030649 0.9684772161406311
0.8300000000000001 0.9711016405298114 0.9716456470173802 0.9685114790602947 0.9691205158426932 0.9689308095666789
0.84 0.972373775620651 0.9723552123237027 0.9691883588197063 0.9696516377903188 0.9693138864402409
0.85 0.9736684478032329 0.9729654752942287 0.969834452858055 0.9700651446207547 0.9695794039850999
0.86 0.9748808474039534 0.9734126398482698 0.9703877321211428 0.9703147233007212 0.9696932630119474
0.87 0.9759120733062274 0.9736375808643746 0.9707958355940837 0.9703713852640845 0.9696370527934153
0.88 0.9766763586814349 0.9735934291996661 0.9710193483729956 0.9702251358030018 0.9694092626657396
0.89 0.9771074914484938 0.9732531926137953 0.9710347728245079 0.9698852090419535 0.9690249305837579
0.9 0.977162994399873 0.972615146047082 0.9708366811725045 0.9693787106950876 0.9685139105764131
0.91 0.9768256763175378 0.9717049268885932 0.9704387045318025 0.9687477819119006 0.9679179853663277
0.92 0.9761037672627311 0.9705744064254257 0.9698729259207578 0.968045616500037 0.9672870669074786
0.93 0.9750331568830762 0.9692976250671321 0.9691873615325709 0.9673317792678401 0.9666748214549488
0.9400000000000001 0.9736794147227008 0.9679649358212242 0.9684416861388246 0.9666672409213407 0.9661341433782823
0.9500000000000001 0.9721346247809388 0.9666758910411499 0.9677020218018075 0.966109498202643 0.9657128424202643
0.96 0.9705096840338605 0.9655311490540233 0.9670353993442542 0.9657080975554161 0.9654498155993823
0.97 0.9689246873566667 0.964624404036738 0.9665042172861928 0.9655010068669362 0.9653720362801095
0.98 0.9674989573294283 0.9640350987588528 0.9661612793682165 0.9655120957792732 0.9654928102567201
0.99 0.9663414836275647 0.9638224054971175 0.9660459242064559 0.9657497678773649 0.9658114759367751
