t_tenpy sz_chi_16 sz_chi_32 sz_chi_64 sz_chi_128 sz_chi_256 sz_chi_512 sz_chi_1024
0.0 1.0 1.0 1.0 1.0 1.0 1.0 1.0
0.01 0.9994128532830588 0.9994125649444439 0.9994125649793986 0.9994125649794 0.9994125649794 0.9994125649794 0.9994125649806269
0.02 0.9974737761252916 0.9974692626995644 0.9974689789515201 0.9974689758215942 0.9974689756147591 0.9974689756147112 0.99746897561471
0.03 0.9940356697129099 0.9940187857392206 0.9940171743204295 0.9940171446595809 0.9940171443789095 0.9940171443803789 0.9940171443798436
0.04 0.9891735044801074 0.9891272067351842 0.9891219773471559 0.9891217692315091 0.9891217774758028 0.9891217776466562 0.989121777641637
0.05 0.9829938883033557 0.9828877669412626 0.9828743973953329 0.9828735946134917 0.9828736009781637 0.9828736019404068 0.9828736019282697
0.06 0.9756309829413364 0.9754187499819709 0.9753893672206035 0.9753870509468211 0.9753870126674147 0.9753870171484261 0.9753870171206963
0.07 0.9672424765065561 0.9668609210427744 0.9668030615369065 0.9667974145591753 0.9667971914192887 0.966797198842396 0.9667971988709002
0.08 0.9580049487082509 0.9573744371504083 0.9572696437728857 0.9572575055876835 0.9572567458493726 0.9572567489288628 0.957256748929498
0.09 0.9481087976931366 0.9471352515742902 0.946957677903798 0.9469339589520626 0.9469320244234438 0.9469320011408463 0.946932000998003
0.1 0.9377529117971481 0.9363310664703548 0.9360462593401431 0.9360031249628464 0.9359991962946375 0.9359990938788081 0.9359990933979232
0.11 0.927139270423642 0.9251568994304287 0.9247209627869032 0.9246474723269503 0.9246401863480066 0.9246399204182253 0.9246399189084971
0.12 0.9164676507005176 0.9138103720716461 0.9131697095620307 0.9130514354689474 0.9130386194228711 0.9130380622584477 0.9130380576465118
0.13 0.9059306023583723 0.902487022703514 0.9015786486401367 0.9013974211652135 0.9013758273841453 0.9013748031551229 0.901374791613075
0.14 0.8957088342366054 0.8913755550018244 0.8901281436118412 0.8898620187157582 0.8898270653383763 0.889825313090961 0.8898252911313108
0.15 0.8859671336829515 0.8806534192790272 0.8789889568284135 0.8786124553040038 0.8785579577505297 0.8785550898128663 0.8785550541137341
0.16 0.8768509163753406 0.8704827060737806 0.8683187153025015 0.8678033732004933 0.867721308661114 0.8677167245277203 0.8677166709775319
0.17 0.8684834798902129 0.861006517132115 0.8582587663867051 0.8575739464785396 0.85745427929129 0.8574470554693332 0.8574469781656815
0.18 0.8609640103379591 0.8523460232891785 0.8489315490706475 0.8480454767667813 0.8478760431947633 0.8478647694507317 0.8478646548023167
0.19 0.8543663678333672 0.8445982605713431 0.8404385418234314 0.8393194101776412 0.8390858611477463 0.8390684918666528 0.8390683091652995
0.2 0.8487386534096023 0.8378347068874862 0.8328588035367586 0.8314758760976422 0.8311617209963842 0.8311354328027262 0.8311350918456905
0.21 0.8441035370358876 0.8321005813118257 0.8262482142310899 0.8245728896202741 0.8241595275137235 0.8241205610391992 0.8241198582498821
0.22 0.8404593035457946 0.8274149881562113 0.8206393572379442 0.8186461737851527 0.8181128386187951 0.8180563121752057 0.8180548931968002
0.23 0.8377815524130253 0.8237723652169647 0.8160419619392983 0.813709538126309 0.8130331280268583 0.8129528812053812 0.812950202456045
0.24 0.8360254776369214 0.821144483597409 0.8124439349304243 0.8097557756637283 0.808910598179747 0.8087990731840143 0.8087943582075764
0.25 0.8351286081179661 0.8194824783085124 0.8098129723355405 0.8067578177695998 0.8057155280719254 0.8055636720203722 0.8055558646777512
0.26 0.8350138395812337 0.8187197219841961 0.8080986293285057 0.8046701304686661 0.8034000659960585 0.8031972838672466 0.8031850016410793
0.27 0.8355926892200156 0.8187748975983837 0.8072347812769585 0.8034306793063057 0.8019003904157088 0.8016345969921436 0.8016160919416685
0.28 0.8367685724185195 0.8195549768605119 0.8071423587529813 0.8029634207718362 0.8011392023616796 0.8007969691841291 0.8007701073112864
0.29 0.8384400392369106 0.8209581702234454 0.8077320334995512 0.8031806504423018 0.8010284178093603 0.8005952707465133 0.8005575435109978
0.3 0.840503866831828 0.8228770268219803 0.8089066557879102 0.8039854217277205 0.8014720663372685 0.8009329280742844 0.8008814789372853
0.31 0.8428577013897197 0.8252018421388295 0.8105637391717129 0.8052748109099295 0.802369329504149 0.8017090377228917 0.8016407054208393
0.32 0.8454023157851723 0.8278240456764664 0.8125982720357717 0.806943259333772 0.8036176294868502 0.8028214436930132 0.8027328323271463
0.33 0.8480436331422757 0.8306391374868207 0.8149074535169644 0.8088853999865301 0.805115563485725 0.8041697398398646 0.8040572955231562
0.34 0.8506941827736098 0.8335487932108362 0.81739334826482 0.8109987382135144 0.8067657082125415 0.805658087752082 0.8055181729212708
0.35000000000000003 0.8532742370049775 0.8364623222511886 0.819963136081973 0.8131864385269738 0.808477103856772 0.8071977551087154 0.8070267219489203
0.36 0.8557134570776499 0.8392973170624488 0.8225309447911975 0.8153593236253325 0.8101673976930162 0.8087092943380523 0.8085035837416789
0.37 0.8579524223136211 0.84197989828768 0.8250193449102875 0.8174369302507655 0.8117649118146602 0.8101243339356728 0.8098805852639706
0.38 0.8599433661711875 0.8444468666298449 0.8273599152944534 0.819349716958905 0.8132101840838896 0.8113869517119752 0.811102088228958
0.39 0.8616500892638803 0.8466484531779865 0.8294939477970498 0.8210409898184966 0.8144569206077565 0.8124545799535722 0.8121258691017372
0.4 0.863047417353765 0.8485483364558999 0.8313735252503376 0.8224677947135635 0.8154725343013779 0.8132984364582342 0.8129235262039868
0.41000000000000003 0.8641205862132684 0.8501226428054045 0.8329623184627905 0.8236015008636232 0.8162382904297474 0.8139034678998779 0.8134804200913107
0.42 0.8648646080233714 0.8513588891950545 0.8342360171963022 0.8244279414989694 0.8167490220322393 0.8142678548343869 0.8137951586700315
0.43 0.8652835759860981 0.8522548715225068 0.8351826292596682 0.8249469192169779 0.8170123734169081 0.814402107086575 0.8138786590390853
0.44 0.8653900897019459 0.8528177725315453 0.835802600547098 0.8251712515786902 0.8170476011459445 0.8143277823558883 0.8137528392592195
0.45 0.8652050224718895 0.85306365105156 0.8361085228482245 0.8251255275519873 0.8168840228903752 0.814075895370686 0.8134490081151299
0.46 0.8647574240250063 0.8530170731051502 0.8361243238955434 0.8248445526242484 0.8165592224590859 0.8136850898738931 0.8130060214219884
0.47000000000000003 0.8640841409678148 0.8527105448029072 0.8358839660694259 0.8243714832277211 0.8161170974637459 0.8131996492475025 0.8124682726965028
0.48 0.8632289569380307 0.8521836201526516 0.83542975329819 0.8237557809663495 0.8156058112942274 0.812667417524249 0.8118835953360104
0.49 0.8622413094956798 0.851481681854043 0.8348103938815561 0.8230510795637341 0.8150757112050473 0.8121377016182464 0.8113011554704095
0.5 0.8611747238560683 0.8506544775438245 0.834078953230394 0.8223130088924789 0.814577276927769 0.8116592253912064 0.8107694068641427
0.51 0.8600850843885347 0.8497545133972898 0.8332907798841267 0.8215970517521133 0.8141591614109538 0.8112781991676599 0.8103341723242534
0.52 0.8590288376193711 0.8488353884690407 0.8325014682381342 0.8209565338972142 0.813866385155779 0.8110365627850266 0.8100369099432956
0.53 0.8580612061666413 0.8479501282813031 0.8317649244305324 0.8204408163813209 0.813738741464569 0.8109704576975497 0.8099132133306185
0.54 0.8572344813468892 0.8471495597932516 0.8311315934861757 0.820093716783984 0.8138094554210544 0.8111089759088516 0.8099915863245887
0.55 0.8565964486270345 0.8464807783990381 0.8306468868352512 0.8199521786187228 0.8141041245686913 0.8114732191420917 0.8102925236389122
0.56 0.8561889887536281 0.8459857726945959 0.830349837515161 0.8200452211669635 0.8146399595206025 0.8120756859088265 0.8108279174725165
0.5700000000000001 0.8560468919116481 0.8457002639713526 0.8302720099420393 0.8203932019790515 0.8154253357419907 0.8129199901798888 0.8116007968973589
0.58 0.8561969195484801 0.8456527884687809 0.8304366914943058 0.8210074082050093 0.8164596619546349 0.8140009040704371 0.8126053941529672
0.59 0.8566571428283005 0.8458640256000356 0.8308583856218423 0.821889972993299 0.8177335634538253 0.8153047088867129 0.8138275213701797
0.6 0.8574365760592315 0.8463463673697167 0.8315426124223089 0.823034097297447 0.8192293686029755 0.8168098320236192 0.8152452320840111
0.61 0.8585351100718315 0.8471037246107671 0.8324860082311065 0.8244245474759165 0.8209218768083655 0.8184877394057908 0.8168297342120314
0.62 0.859943737381069 0.8481315651677778 0.8336767034902529 0.8260383937484932 0.8227793775683095 0.820304045542796 0.8185465153045438
0.63 0.8616450483331535 0.8494171775423184 0.835094947881517 0.8278459514780672 0.8247648771314025 0.8222197968453222 0.8203566352916339
0.64 0.8636139652840484 0.8509401512319211 0.8367139433405641 0.8298118843265347 0.8268374711006157 0.8241928784375024 0.822218136589921
0.65 0.8658186728136934 0.8526730615088656 0.8385008410635807 0.8318964256399277 0.8289537906961255 0.8261794916870203 0.8240875195994981
0.66 0.8682216967253135 0.8545823416403057 0.8404178622809942 0.83405667503993 0.8310694582413156 0.8281356486233853 0.8259212345408956
0.67 0.8707810823660682 0.8566293185716272 0.8424235170033423 0.8362479328465237 0.8331405074299406 0.8300186289640689 0.8276771428062931
0.68 0.8734516251523416 0.8587713800049077 0.844473911094837 0.8384250398785639 0.8351247393580403 0.8317883494030084 0.8293159002927333
0.6900000000000001 0.8761861143406927 0.860963235163662 0.8465241271719883 0.8405436885264458 0.8369829884013811 0.8334086044818514 0.8308022180331254
0.7000000000000001 0.8789365638663338 0.8631582304291829 0.8485296316974351 0.8425616684663592 0.8386802686800856 0.8348481479953781 0.8321059618484428
0.71 0.881655417137936 0.8653096832677877 0.8504476339568703 0.8444400158098302 0.8401867693239194 0.836081590254387 0.8332030565680613
0.72 0.8842967207163407 0.8673722007738557 0.8522383363337691 0.8461440451955569 0.8414786682083277 0.8370900904571066 0.8340761655288336
0.73 0.8868172660564613 0.869302951481953 0.8538660507291109 0.847644252081706 0.8425387385134787 0.8378618270823727 0.8347151273465443
0.74 0.8891776991724928 0.8710628614975445 0.8553001626920338 0.8489170748287217 0.8433567298065167 0.8383922347211717 0.8351171447226458
0.75 0.8913435796933796 0.8726177084717464 0.8565159167954547 0.8499455027121289 0.8439295160576326 0.8386840034192986 0.835286728049162
0.76 0.893286322356247 0.8739390866918508 0.857495012069018 0.8507195074681042 0.844261014620097 0.8387468462728935 0.835235400910928
0.77 0.8949838960310531 0.8750052118667035 0.85822600647081 0.8512362715827905 0.8443618893388378 0.8385970487066523 0.8349811819486658
0.78 0.8964211442528778 0.8758015313906098 0.8587045308300684 0.8515001949749579 0.8442490567534674 0.8382568174789019 0.8345478670892228
0.79 0.8975896815489265 0.876321112805912 0.8589333146502504 0.8515226773655448 0.8439450180516659 0.8377534540516319 0.833964142600423
0.8 0.8984874763148376 0.8765647961587723 0.8589220241434723 0.8513216862501616 0.8434770430694776 0.8371183847725489 0.8332625625611059
0.81 0.8991183149698572 0.8765411061945073 0.858686909243381 0.8509211286995508 0.8428762364931294 0.8363860858779475 0.8324784260989061
0.8200000000000001 0.899491285428243 0.8762659275465617 0.8582502619205027 0.8503500520262571 0.8421765188867896 0.8355929434404035 0.8316485921809952
0.8300000000000001 0.8996203163090603 0.8757619545031838 0.8576397041977566 0.8496417039440027 0.8414135558340387 0.8347760879611446 0.8308102723686553
0.84 0.8995237486077862 0.8750579350155842 0.8568873379767856 0.8488324863305918 0.84062366846981 0.833972241693259 0.8299998430411963
0.85 0.89922389651497 0.8741877325382743 0.8560287911347033 0.8479608382300482 0.839842758451484 0.8332166141690136 0.8292517175658708
0.86 0.8987465558186062 0.8731892321949042 0.8551021900502569 0.8470660841576257 0.8391052794702643 0.8325418775780955 0.828597315598031
0.87 0.8981204334862286 0.872103124921266 0.8541470857186759 0.8461872836745483 0.8384432853060735 0.8319772491096662 0.82806416141589
0.88 0.8973764921222918 0.8709716127019598 0.8532033604453415 0.8453621174802392 0.8378855809746096 0.8315477031558786 0.8276751368693545
0.89 0.896547220366232 0.8698370839947076 0.8523101422785067 0.8446258432733837 0.8374569988683636 0.8312733330579961 0.8274479078148189
0.9 0.8956658509586168 0.8687408092122249 0.8515047534079072 0.8440103509687574 0.8371778165017196 0.8311688793954649 0.8273945359476899
0.91 0.8947655514873373 0.8677217038791911 0.8508217177051414 0.8435433420375376 0.8370633270267639 0.8312434381224291 0.8275212810890079
0.92 0.8938786108024478 0.8668152034254316 0.8502918530700084 0.8432476526337894 0.8371235683045387 0.831500355869328 0.8278285928600978
0.93 0.8930356408455481 0.866052288046976 0.8499414758734691 0.8431407351446226 0.8373632110767075 0.8319373118919404 0.8283112854850418
0.9400000000000001 0.8922648127720141 0.8654586878988693 0.8497917448850556 0.8432343077002892 0.837781601989584 0.8325465782718048 0.828958884811652
0.9500000000000001 0.8915911483492853 0.8650542890201702 0.8498581683634445 0.8435341758606972 0.8383729536699742 0.8333154434205351 0.8297561320398373
0.96 0.8910358904899478 0.8648527507764087 0.8501502905203426 0.8440402253135632 0.8391266723305864 0.8342267785717312 0.8306836237669059
0.97 0.890615977710228 0.8648613370872923 0.8506715640191785 0.8447465793364781 0.8400278125142203 0.8352597220036602 0.8317185629361552
0.98 0.8903436449948586 0.865080955748682 0.8514194051723071 0.8456419103574082 0.8410576462510386 0.8363904515098447 0.8328355910046776
0.99 0.8902261683511525 0.8655063920693201 0.8523854189307426 0.8467098914202443 0.8421943286710761 0.8375930135758974 0.8340076693187684
